$SPEC_ID:
No sample description was entered.
$SPEC_REM:
DET# 1
DETDESC# FSGUNIV-O93LS3D Easy-MCA-8k SN 17088661
AP# Maestro Version 7.01
$DATE_MEA:
01/27/2022 16:30:41
$MEAS_TIM:
215 215
$DATA:
0 4095
       0
       0
       0
       0
       0
       0
       0
       0
       0
       0
       0
       0
       0
       0
       0
       0
       0
       0
       0
       0
       0
       0
       0
       0
       0
       0
       0
       0
       0
       0
       0
       0
       0
       0
       0
       0
       0
       0
       0
       0
       0
       0
       0
       0
       0
       0
       0
       0
       0
       0
       0
       0
       0
       0
       0
       0
       0
       0
       0
       0
       0
       0
       0
       0
       0
       0
       0
       0
       0
       0
       0
       0
       0
       0
       0
       0
       0
       0
       0
       0
       0
       0
       0
       0
       0
       0
       0
       0
       0
       0
       0
       0
       0
       0
       0
       0
       0
       0
       0
       0
       0
       0
       0
       0
       0
       0
       0
       0
       0
       1
       0
       0
       0
       0
       0
       0
       0
       0
       0
       0
       0
       0
       0
       0
       0
       0
       0
       0
       0
       0
       1
       0
       0
       1
       0
       0
       0
       0
       0
       0
       1
       0
       0
       0
       0
       0
       0
       1
       0
       0
       0
       1
       2
       0
       1
       0
       0
       1
       0
       0
       0
       0
       0
       1
       0
       0
       0
       0
       0
       0
       0
       0
       0
       0
       0
       0
       0
       0
       0
       0
       0
       0
       1
       0
       0
       0
       0
       0
       0
       0
       0
       0
       1
       1
       0
       0
       0
       1
       1
       0
       0
       1
      39
      55
      50
      62
      68
      68
      67
      64
      59
      57
      73
      76
      72
      88
      87
      77
      72
      70
      92
      87
     100
      96
      75
      86
      79
      68
     104
      94
      79
      82
      87
      96
      90
      97
     113
      91
      72
      68
      87
      63
      74
      72
      58
      79
      68
      73
      59
      73
      70
      48
      60
      73
      48
      68
      76
      72
      53
      51
      69
      69
      38
      47
      65
      59
      56
      44
      47
      51
      61
      38
      54
      52
      50
      46
      55
      53
      59
      40
      37
      42
      29
      47
      40
      49
      48
      51
      49
      44
      54
      51
      40
      47
      39
      42
      36
      40
      49
      39
      44
      35
      40
      48
      40
      38
      46
      49
      41
      48
      40
      40
      45
      46
      43
      44
      35
      37
      44
      40
      37
      33
      43
      45
      34
      51
      36
      57
      37
      45
      36
      40
      48
      44
      41
      50
      42
      41
      46
      51
      52
      36
      43
      52
      42
      54
      29
      39
      37
      55
      43
      41
      48
      40
      45
      50
      42
      36
      45
      43
      45
      42
      43
      46
      35
      43
      23
      35
      46
      47
      44
      44
      40
      44
      42
      46
      48
      47
      49
      31
      45
      44
      36
      46
      43
      47
      47
      42
      42
      38
      40
      44
      43
      55
      42
      34
      51
      44
      40
      45
      47
      59
      50
      45
      36
      55
      38
      43
      36
      47
      52
      43
      36
      48
      53
      42
      50
      42
      38
      29
      48
      47
      46
      61
      46
      52
      49
      38
      37
      53
      42
      40
      57
      41
      41
      40
      40
      38
      56
      44
      52
      52
      41
      53
      38
      61
      38
      46
      47
      44
      43
      38
      51
      41
      53
      51
      55
      62
      47
      36
      45
      48
      48
      56
      30
      47
      44
      36
      45
      44
      44
      46
      39
      46
      44
      52
      59
      58
      48
      53
      61
      62
      43
      39
      52
      49
      38
      42
      44
      50
      53
      47
      47
      47
      59
      42
      46
      56
      56
      53
      45
      63
      45
      41
      45
      44
      59
      53
      45
      49
      52
      46
      61
      56
      41
      49
      51
      38
      56
      41
      68
      61
      53
      45
      53
      37
      49
      66
      51
      58
      45
      44
      38
      46
      52
      55
      50
      48
      61
      52
      44
      67
      44
      45
      67
      43
      48
      47
      58
      57
      58
      65
      58
      54
      48
      48
      65
      62
      45
      54
      44
      53
      51
      57
      56
      46
      49
      65
      60
      70
      41
      61
      33
      50
      58
      50
      46
      52
      54
      60
      41
      48
      53
      60
      55
      69
      53
      61
      57
      48
      62
      65
      50
      51
      63
      50
      58
      64
      62
      53
      42
      61
      59
      52
      64
      48
      39
      59
      45
      46
      69
      61
      53
      47
      79
      58
      59
      54
      57
      54
      54
      59
      50
      62
      60
      54
      55
      52
      49
      56
      46
      60
      51
      58
      56
      66
      39
      57
      52
      52
      54
      55
      58
      59
      79
      65
      64
      54
      62
      57
      62
      60
      52
      52
      54
      55
      59
      47
      69
      62
      58
      61
      52
      55
      67
      56
      59
      56
      51
      52
      55
      53
      60
      56
      44
      42
      43
      49
      52
      69
      47
      55
      50
      60
      52
      64
      40
      51
      73
      58
      47
      52
      55
      49
      51
      55
      44
      53
      52
      52
      60
      51
      56
      45
      50
      55
      68
      63
      47
      61
      57
      48
      57
      61
      49
      50
      59
      44
      56
      59
      64
      53
      58
      54
      50
      48
      52
      41
      48
      52
      60
      58
      52
      57
      53
      67
      48
      55
      51
      45
      50
      57
      44
      52
      50
      55
      44
      51
      48
      61
      61
      63
      45
      59
      46
      42
      41
      46
      54
      53
      49
      51
      51
      46
      60
      39
      50
      56
      44
      43
      63
      54
      47
      51
      56
      47
      49
      61
      53
      42
      57
      63
      37
      40
      51
      54
      43
      46
      50
      44
      53
      52
      57
      53
      36
      44
      41
      52
      45
      47
      55
      47
      42
      73
      44
      48
      59
      48
      41
      50
      44
      53
      44
      29
      40
      45
      46
      46
      54
      41
      52
      46
      55
      53
      43
      60
      30
      43
      48
      45
      49
      51
      51
      50
      50
      44
      47
      53
      50
      59
      61
      47
      52
      35
      58
      51
      41
      57
      62
      56
      63
      48
      52
      46
      53
      45
      55
      49
      55
      38
      41
      51
      53
      42
      51
      42
      61
      48
      62
      62
      37
      44
      47
      45
      47
      43
      63
      42
      59
      61
      49
      68
      42
      58
      52
      49
      43
      55
      49
      33
      52
      46
      61
      56
      55
      53
      39
      52
      52
      60
      42
      45
      50
      51
      50
      40
      52
      53
      61
      42
      61
      43
      37
      51
      51
      50
      42
      47
      51
      38
      47
      34
      43
      39
      48
      51
      50
      48
      48
      46
      44
      42
      41
      48
      42
      50
      39
      34
      45
      46
      35
      47
      47
      46
      39
      51
      44
      45
      30
      48
      42
      33
      44
      42
      45
      44
      46
      59
      37
      51
      40
      49
      42
      43
      33
      31
      42
      40
      40
      35
      46
      47
      54
      42
      59
      26
      46
      39
      37
      39
      43
      42
      41
      39
      38
      39
      26
      45
      43
      49
      33
      53
      36
      28
      29
      40
      28
      52
      37
      45
      45
      44
      41
      30
      42
      41
      48
      67
      38
      35
      50
      41
      50
      52
      41
      50
      36
      35
      35
      42
      44
      32
      48
      40
      40
      45
      45
      45
      48
      41
      28
      39
      43
      39
      37
      49
      40
      31
      43
      48
      35
      50
      27
      41
      31
      42
      39
      34
      41
      43
      33
      28
      39
      43
      38
      40
      44
      48
      43
      36
      34
      34
      51
      44
      45
      37
      36
      45
      38
      37
      25
      32
      51
      46
      38
      39
      41
      39
      33
      35
      39
      35
      33
      35
      26
      38
      40
      50
      40
      28
      54
      42
      39
      43
      37
      34
      26
      36
      36
      33
      36
      41
      38
      37
      27
      44
      33
      44
      44
      41
      41
      52
      57
      44
      38
      46
      36
      42
      45
      34
      36
      43
      42
      34
      42
      40
      43
      46
      31
      41
      36
      41
      41
      39
      31
      42
      37
      36
      47
      35
      46
      33
      43
      37
      39
      35
      34
      42
      29
      31
      41
      41
      40
      31
      39
      32
      38
      46
      38
      35
      40
      35
      32
      34
      36
      41
      35
      41
      37
      35
      56
      35
      36
      40
      40
      35
      42
      38
      37
      43
      45
      37
      31
      37
      45
      37
      43
      42
      27
      34
      33
      46
      38
      37
      25
      28
      65
      38
      41
      36
      42
      43
      30
      38
      44
      37
      50
      35
      28
      57
      36
      36
      36
      36
      33
      41
      35
      41
      39
      36
      34
      32
      49
      39
      62
      26
      32
      34
      32
      40
      45
      41
      40
      41
      48
      39
      36
      40
      43
      38
      45
      42
      40
      42
      41
      26
      42
      44
      39
      54
      39
      31
      41
      37
      39
      41
      42
      29
      50
      30
      49
      23
      38
      37
      37
      34
      29
      45
      43
      35
      36
      30
      40
      38
      35
      30
      27
      33
      41
      43
      39
      43
      31
      36
      23
      48
      41
      44
      23
      31
      40
      29
      50
      46
      38
      34
      50
      43
      49
      37
      31
      44
      40
      27
      47
      28
      42
      35
      44
      44
      44
      40
      56
      45
      48
      39
      51
      52
      33
      47
      53
      45
      51
      51
      40
      50
      55
      55
      56
      54
      52
      47
      64
      48
      47
      50
      61
      62
      63
      63
      55
      64
      71
      60
      63
      55
      67
      67
      53
      59
      81
      77
      54
      62
      73
      62
      79
      63
      62
      82
      70
      79
      85
      82
      76
      71
      76
      82
      88
      73
      93
      74
      90
     104
      82
     101
      93
      84
      88
      85
      74
      80
     109
     102
     105
     117
     111
      84
     107
     110
      96
     112
      96
      93
      86
     102
      92
     123
     108
     106
     108
     108
     106
     129
     130
      99
     117
     116
     105
     109
     125
     113
     113
     120
     115
     118
     135
     134
     121
     108
     127
     121
     101
     113
     128
     104
     119
     112
      94
     123
     135
     127
     123
     122
     111
     106
     108
     123
     132
     100
     126
      98
     130
     132
     110
     122
     111
     133
     102
     120
     103
      79
     113
     117
     113
     103
      96
     127
     101
      96
      95
     110
     106
      96
      85
      98
      98
      95
      92
      80
      84
      96
      67
      73
      74
      86
      79
      74
      80
      82
      84
      74
      79
      72
      79
      63
      62
      67
      71
      59
      51
      63
      66
      63
      75
      56
      60
      61
      48
      61
      46
      71
      56
      39
      54
      39
      46
      48
      55
      43
      47
      53
      48
      49
      54
      40
      44
      54
      51
      50
      42
      39
      28
      44
      40
      43
      48
      39
      34
      44
      27
      38
      26
      31
      27
      31
      25
      36
      24
      24
      25
      32
      38
      33
      34
      29
      31
      22
      31
      32
      27
      34
      26
      30
      26
      31
      33
      27
      23
      36
      34
      23
      28
      28
      22
      33
      34
      24
      26
      29
      30
      30
      26
      23
      33
      27
      23
      24
      19
      25
      20
      27
      25
      31
      33
      22
      28
      29
      25
      21
      32
      21
      27
      23
      28
      17
      26
      32
      27
      23
      39
      22
      25
      28
      36
      24
      38
      27
      28
      28
      25
      20
      30
      22
      24
      18
      21
      27
      28
      20
      26
      19
      33
      24
      28
      30
      25
      33
      18
      24
      22
      32
      23
      18
      26
      23
      36
      30
      27
      24
      25
      15
      22
      21
      25
      33
      28
      37
      23
      36
      24
      30
      26
      28
      26
      39
      25
      25
      23
      25
      30
      21
      27
      25
      27
      30
      23
      28
      21
      31
      27
      27
      19
      32
      33
      26
      19
      27
      22
      28
      28
      33
      22
      29
      36
      29
      22
      24
      31
      31
      36
      17
      24
      26
      22
      35
      28
      37
      21
      19
      33
      26
      33
      29
      31
      27
      22
      32
      27
      28
      24
      34
      35
      36
      34
      33
      24
      28
      24
      31
      23
      41
      27
      39
      40
      38
      39
      38
      31
      38
      44
      34
      48
      39
      36
      46
      43
      48
      38
      52
      33
      39
      39
      38
      38
      30
      33
      30
      42
      39
      38
      47
      39
      43
      60
      40
      47
      48
      50
      50
      52
      51
      38
      50
      61
      40
      38
      49
      47
      71
      61
      56
      61
      46
      40
      72
      56
      49
      42
      57
      49
      47
      58
      37
      49
      69
      56
      64
      52
      62
      61
      58
      55
      54
      53
      62
      70
      64
      47
      57
      62
      73
      61
      54
      64
      49
      64
      74
      58
      55
      65
      76
      53
      62
      61
      48
      60
      46
      67
      68
      64
      56
      55
      64
      72
      70
      64
      56
      69
      65
      66
      54
      55
      67
      58
      82
      80
      51
      72
      68
      50
      70
      69
      55
      69
      56
      57
      41
      47
      51
      56
      69
      52
      54
      65
      59
      51
      53
      54
      59
      55
      48
      56
      53
      47
      50
      55
      53
      57
      52
      51
      46
      55
      43
      47
      53
      60
      37
      47
      47
      45
      48
      55
      53
      48
      44
      46
      46
      59
      40
      45
      38
      46
      48
      45
      42
      38
      47
      36
      52
      44
      34
      46
      48
      28
      35
      41
      37
      38
      37
      37
      37
      36
      31
      35
      28
      30
      40
      38
      30
      45
      31
      35
      34
      26
      29
      21
      37
      31
      39
      38
      28
      32
      35
      30
      27
      30
      35
      23
      21
      32
      32
      26
      25
      33
      23
      35
      32
      21
      27
      22
      27
      18
      25
      21
      38
      27
      21
      28
      28
      18
      21
      30
      36
      25
      24
      29
      21
      26
      30
      24
      20
      27
      27
      23
      17
      27
      21
      22
      23
      25
      29
      14
      25
      18
      35
      13
      30
      20
      26
      26
      20
      22
      24
      21
      29
      15
      18
      30
      19
      23
      22
      20
      29
      24
      19
      20
      21
      21
      21
      24
      22
      18
      27
      17
      23
      16
      25
      28
      25
      20
      26
      25
      23
      30
      25
      18
      19
      22
      21
      29
      19
      21
      24
      20
      20
      23
      23
      27
      27
      21
      21
      23
      32
      19
      31
      22
      21
      21
      21
      29
      23
      23
      25
      21
      17
      24
      24
      18
      29
      18
      26
      27
      18
      29
      21
      23
      19
      31
      20
      27
      21
      27
      21
      27
      31
      26
      29
      12
      27
      24
      21
      28
      31
      22
      23
      24
      25
      24
      14
      27
      23
      30
      26
      16
      28
      26
      23
      16
      21
      34
      22
      30
      13
      19
      23
      21
      18
      23
      29
      20
      25
      34
      17
      27
      16
      27
      26
      19
      24
      20
      22
      18
      20
      21
      25
      24
      24
      20
      26
      21
      18
      25
      16
      25
      28
      19
      22
      15
      21
      33
      33
      17
      21
      29
      29
      23
      18
      10
      26
      20
      21
      21
      20
      22
      31
      16
      23
      19
      25
      26
      25
      32
      28
      26
      25
      24
      15
      15
      28
      26
      18
      21
      22
      32
      26
      23
      31
      17
      19
      29
      25
      31
      21
      18
      20
      22
      23
      24
      34
      22
      25
      23
      31
      17
      17
      30
      25
      19
      22
      29
      22
      15
      26
      28
      22
      33
      25
      20
      29
      29
      26
      22
      23
      28
      23
      25
      29
      26
      22
      13
      20
      25
      25
      22
      19
      29
      26
      28
      22
      31
      24
      28
      22
      23
      22
      22
      20
      23
      36
      29
      22
      15
      19
      22
      29
      21
      18
      22
      25
      25
      30
      22
      21
      29
      14
      19
      23
      26
      21
      27
      29
      24
      26
      24
      17
      37
      21
      29
      26
      18
      21
      32
      19
      19
      24
      14
      24
      25
      20
      34
      22
      24
      21
      28
      25
      28
      27
      29
      17
      24
      34
      25
      34
      15
      26
      26
      15
      27
      24
      29
      17
      30
      17
      24
      28
      22
      24
      29
      22
      24
      21
      27
      20
      22
      28
      27
      18
      28
      27
      18
      29
      23
      32
      10
      23
      20
      25
      17
      19
      18
      25
      35
      24
      25
      20
      22
      21
      25
      22
      23
      28
      29
      24
      30
      34
      24
      22
      17
      19
      31
      34
      22
      27
      20
      16
      17
      25
      29
      21
      18
      26
      24
      16
      29
      25
      25
      24
      26
      25
      25
      20
      30
      20
      26
      22
      18
      24
      20
      26
      27
      19
      31
      15
      29
      27
      28
      23
      29
      28
      31
      26
      21
      19
      35
      11
      26
      27
      27
      28
      22
      25
      20
      20
      35
      23
      20
      35
      22
      24
      30
      11
      28
      31
      21
      25
      32
      26
      28
      35
      18
      24
      16
      21
      24
      42
      17
      16
      18
      25
      26
      35
      26
      27
      22
      23
      26
      23
      19
      33
      27
      22
      35
      23
      29
      23
      19
      24
      32
      20
      24
      35
      27
      22
      29
      29
      27
      26
      29
      23
      21
      16
      12
      23
      24
      23
      19
      20
      14
      31
      29
      17
      20
      26
      21
      34
      23
      26
      25
      32
      17
      26
      30
      22
      28
      24
      31
      25
      25
      33
      24
      19
      26
      24
      33
      22
      17
      22
      23
      22
      14
      18
      25
      20
      21
      24
      24
      26
      16
      22
      23
      28
      10
      23
      29
      28
      30
      17
      28
      24
      24
      20
      29
      20
      26
      24
      29
      36
      28
      27
      25
      20
      33
      21
      21
      21
      28
      30
      23
      22
      20
      32
      27
      30
      26
      23
      27
      24
      29
      24
      25
      16
      24
      26
      26
      27
      26
      23
      25
      14
      23
      23
      22
      27
      21
      18
      22
      21
      23
      24
      20
      21
      26
      24
      31
      22
      26
      26
      22
      20
      23
      26
      24
      22
      24
      17
      22
      26
      16
      27
      28
      25
      25
      25
      22
      22
      16
      17
      23
      20
      22
      19
      23
      16
      28
      20
      25
      26
      11
      11
      17
      15
      21
      21
      19
      15
      19
      19
      21
      18
      23
      15
      19
      13
      22
      19
      19
      21
      16
      18
      23
      18
      23
      20
      26
      22
      18
      22
      22
      13
      16
      21
      17
      18
      23
      12
      20
      18
      20
      19
      17
      26
      19
      19
      15
      22
      21
      13
      22
      16
      19
      30
      27
      20
      21
      15
      13
      18
      22
      13
      17
      16
      13
      26
      19
      16
      21
      10
      14
      16
      20
       9
      23
      18
      19
      14
      15
      21
      24
      18
      15
      18
      12
      13
      18
      17
      24
      21
      12
      21
      14
      10
      18
      15
      22
      16
      15
      30
      15
      14
      14
      24
      18
      10
      19
      18
      17
      17
      19
      21
      18
      18
      19
      14
      20
      20
      14
      22
      19
      12
      24
      21
      17
      13
      21
      14
      15
      17
      15
      15
      21
      16
      13
      10
      17
      20
      25
      15
      17
      14
      15
      18
      15
      13
      21
      20
      20
      20
      14
      14
      15
      15
      21
      10
      11
      18
      16
      16
      16
      20
      26
      23
      29
      13
      19
      15
      11
      13
      17
      13
      15
      17
      11
      15
      14
      15
      19
      21
      18
      22
      13
      19
       7
      16
      24
      20
      15
      10
      18
      22
      15
      18
      11
      22
      18
      17
      15
      12
       9
      15
      12
      14
      20
      16
       9
      21
      23
      17
      16
      16
      20
      16
      17
      14
      11
      15
      15
      12
      12
      17
      15
      13
      15
      10
      14
      12
      21
      16
      14
       9
      12
      13
      18
      15
      11
      12
      10
      18
      16
      11
      19
      14
      12
      16
      14
      21
      24
      18
      12
      14
      17
      13
      17
      18
      15
       8
      10
      22
      13
      13
      18
      17
      21
      15
      20
      15
      14
      19
      13
      12
      11
      19
      12
      12
      17
      14
       5
      13
      12
      11
      14
      17
      12
      14
      12
      18
      17
      12
      14
      16
       9
       7
      10
      12
      18
      13
      13
      10
      17
      15
      16
      19
      14
      18
       6
      16
      14
      13
      14
      17
      17
      12
      14
      15
      18
      15
       9
      15
      19
      16
      12
      17
      13
      15
      14
      16
      17
      19
      15
      12
      14
       8
      10
      14
      11
      10
      16
       9
      13
       8
      15
      13
      11
      12
      17
      11
       7
       8
      19
      10
      18
      12
      19
      10
      16
      14
      21
      17
       9
      16
      16
      11
      26
      18
       9
      10
      21
      15
      17
      16
      18
      12
      13
      13
      19
      14
      17
      13
      16
      11
      16
      22
      18
      17
      15
      17
      17
      12
      17
      15
      11
      18
      21
      13
      15
      19
      14
      19
       9
      15
      12
      22
      17
      17
      12
      13
      18
      12
      15
      19
      16
      26
      19
      15
      25
      20
      16
      17
      19
      20
      22
      20
      25
      14
      23
      24
      14
      19
      23
      15
      26
      24
      18
      21
      19
      24
      26
      16
      27
      21
      22
      30
      26
      23
      27
      26
      16
      25
      29
      14
      28
      27
      22
      15
      34
      27
      22
      19
      28
      21
      27
      29
      35
      24
      33
      24
      26
      27
      10
      30
      30
      23
      33
      20
      35
      32
      39
      42
      45
      35
      36
      28
      32
      24
      35
      31
      33
      36
      33
      33
      35
      37
      46
      33
      40
      43
      44
      42
      28
      32
      38
      43
      32
      39
      34
      34
      45
      36
      34
      42
      35
      30
      33
      44
      42
      41
      43
      48
      58
      37
      54
      46
      51
      50
      38
      40
      41
      47
      45
      34
      44
      34
      34
      44
      32
      44
      37
      48
      51
      45
      50
      45
      42
      54
      39
      50
      41
      46
      51
      51
      42
      47
      45
      38
      41
      46
      43
      62
      51
      55
      47
      52
      36
      35
      32
      41
      50
      45
      46
      56
      37
      44
      43
      40
      42
      55
      50
      45
      51
      47
      55
      50
      35
      36
      37
      56
      50
      53
      39
      43
      44
      47
      36
      37
      37
      38
      40
      41
      42
      39
      45
      41
      26
      27
      43
      32
      41
      42
      52
      39
      29
      53
      42
      33
      40
      35
      36
      37
      34
      39
      23
      43
      36
      39
      30
      26
      28
      31
      24
      22
      30
      30
      26
      35
      37
      32
      32
      29
      33
      37
      30
      28
      37
      28
      26
      31
      25
      28
      28
      17
      32
      23
      17
      20
      26
      34
      28
      28
      23
      32
      22
      21
      27
      24
      25
      22
      27
      17
      16
      19
      21
      17
      22
      34
      23
      25
      23
      14
      21
      20
      10
      22
      15
      18
      20
      19
      23
      18
      18
      24
      17
      12
      16
      21
      12
      18
      16
      13
      14
      15
      13
      15
      15
      17
      15
      18
      13
      22
      19
      10
      13
      15
      13
      21
      19
      10
      15
      14
      11
      18
      16
      16
       7
      22
      15
      15
      18
      11
      13
      21
      20
      17
      15
      20
      15
      14
      21
      14
      12
      17
      13
      17
       8
      15
      18
      17
      14
      17
      15
      12
      17
      15
      12
       9
      14
      14
      10
      11
       7
      17
      24
      13
      25
      15
      13
      15
      14
      17
      26
      10
      18
      18
       8
      17
      13
      15
      12
      18
      16
      22
      15
      14
      22
      15
      23
      12
      15
      21
      23
      20
      12
      21
      14
      13
      17
      12
      20
      18
      27
      20
      15
      18
      23
      13
      23
      15
      22
      19
      26
      15
      17
      19
      14
      16
      22
      29
      21
      17
      29
      18
      23
      26
      20
      24
      15
      31
      27
      25
      22
      22
      19
      25
      25
      20
      14
      27
      22
      24
      23
      21
      25
      22
      21
      36
      25
      36
      26
      25
      21
      29
      23
      32
      22
      16
      25
      22
      24
      25
      21
      32
      21
      30
      25
      23
      20
      29
      34
      25
      23
      28
      30
      27
      27
      35
      22
      18
      34
      29
      43
      25
      34
      30
      39
      24
      30
      27
      29
      29
      33
      45
      22
      26
      22
      31
      36
      35
      32
      36
      26
      33
      36
      26
      28
      39
      35
      33
      43
      31
      35
      32
      34
      28
      31
      22
      25
      33
      32
      43
      28
      31
      29
      36
      39
      35
      35
      32
      37
      30
      48
      29
      30
      35
      40
      38
      32
      39
      37
      38
      32
      48
      41
      44
      34
      40
      40
      31
      41
      37
      43
      30
      47
      29
      35
      31
      49
      54
      35
      35
      31
      34
      30
      36
      36
      45
      45
      32
      42
      31
      39
      35
      39
      34
      42
      44
      41
      34
      38
      34
      41
      40
      34
      40
      38
      41
      34
      32
      35
      28
      36
      30
      34
      41
      42
      42
      39
      39
      33
      27
      37
      34
      27
      34
      31
      40
      32
      33
      29
      27
      35
      32
      28
      34
      23
      34
      35
      32
      32
      36
      27
      27
      26
      32
      29
      35
      30
      34
      34
      30
      32
      27
      34
      24
      24
      27
      29
      30
      24
      35
      23
      28
      38
      31
      20
      27
      23
      32
      26
      22
      29
      22
      24
      22
      19
      26
      18
      18
      26
      24
      17
      20
      22
      17
      31
      13
      20
      19
      33
      15
      24
      25
      21
      30
      16
      19
      17
      18
      19
      11
      14
      19
      10
      21
      12
      14
      14
      14
      13
      16
      15
      16
      17
      12
      16
      17
      16
      18
      13
      14
      15
      15
      12
      10
       9
       7
      12
       9
       8
      11
      10
      12
       7
      14
      10
      13
       5
       6
      10
      16
      11
      11
       4
      11
      12
      11
       5
      10
       8
       8
       5
       1
       8
       7
       6
       3
       5
       5
       4
       6
       4
       8
       6
       6
       2
       4
       6
       4
       3
       7
       4
       7
       7
       2
       1
       4
       3
       5
       5
       3
       8
       2
       7
       3
       4
       1
       4
       2
       0
       4
       5
       2
       3
       2
       3
       2
       4
       1
       0
       1
       0
       0
       0
       0
       0
       0
       0
       0
       0
       0
       0
       0
       0
       0
       0
       0
       0
       0
       0
       0
       0
       0
       0
       0
       0
       0
       0
       0
       0
       0
       1
       0
       0
       0
       0
       0
       0
       0
       0
       0
       0
       0
       0
       0
       0
       0
       0
       0
       0
       0
       0
       0
       0
       0
       0
       0
       0
       0
       0
       0
       0
       0
       0
       0
       0
       0
       0
       0
       0
       0
       0
       0
       0
       0
       0
       0
       0
       0
       0
       0
       0
       0
       0
       0
       0
       0
       0
       0
       0
       0
       0
       0
       0
       0
       0
       0
       0
       0
       0
       0
       0
       0
       0
       0
       0
       0
       0
       0
       0
       0
       0
       0
       0
       0
       0
       0
       0
       0
       0
       0
       0
       0
       0
       0
       0
       0
       0
       0
       0
       0
       0
       0
       0
       0
       0
       0
       0
       0
       0
       0
       0
       0
       0
       0
       0
       0
       0
       0
       0
       0
       0
       0
       0
       0
       0
       0
       0
       0
       0
       0
       0
       0
       0
       0
       0
       0
       0
       0
       0
       0
       0
       0
       0
       0
       0
       0
       0
       0
       0
       0
       0
       0
       0
       0
       0
       0
       0
       0
       0
       0
       0
       0
       0
       0
       0
       0
       0
       0
       0
       0
       0
       0
       0
       0
       0
       0
       0
       0
       0
       0
       0
       0
       0
       0
       0
       0
       0
       0
       0
       0
       0
       0
       0
       0
       0
       0
       0
       0
       0
       0
       0
       0
       0
       0
       0
       0
       0
       0
       0
       0
       0
       0
       0
       0
       0
       0
       0
       0
       0
       0
       0
       0
       0
       0
       0
       0
       0
       0
       0
       0
       0
       0
       0
       0
       0
       0
       0
       0
       0
       0
       0
       0
       0
       0
       0
       0
       0
       0
       0
       0
       0
       0
       0
       0
       0
       0
       0
       0
       0
       0
       0
       0
       0
       0
       0
       0
       0
       0
       0
       0
       0
       0
       0
       0
       0
       0
       0
       0
$ROI:
3
1259 1560
1676 1953
2944 3789
$PRESETS:
None
0
0
$ENER_FIT:
0.000000 0.000000
$MCA_CAL:
3
0.000000E+000 0.000000E+000 0.000000E+000 
$SHAPE_CAL:
3
0.000000E+000 0.000000E+000 0.000000E+000
