$SPEC_ID:
No sample description was entered.
$SPEC_REM:
DET# 1
DETDESC# FSGUNIV-O93LS3D Easy-MCA-8k SN 17088661
AP# Maestro Version 7.01
$DATE_MEA:
01/27/2022 16:28:20
$MEAS_TIM:
179 179
$DATA:
0 4095
       0
       0
       0
       0
       0
       0
       0
       0
       0
       0
       0
       0
       0
       0
       0
       0
       0
       0
       0
       0
       0
       0
       0
       0
       0
       0
       0
       0
       0
       0
       0
       0
       0
       0
       0
       0
       0
       0
       0
       0
       0
       0
       0
       0
       0
       0
       0
       0
       0
       0
       0
       0
       0
       0
       0
       0
       0
       0
       0
       0
       0
       0
       0
       0
       0
       0
       0
       0
       0
       0
       0
       0
       0
       0
       0
       0
       0
       0
       0
       0
       0
       0
       0
       0
       0
       0
       0
       0
       0
       0
       0
       0
       0
       0
       0
       0
       0
       0
       0
       0
       0
       0
       0
       0
       0
       0
       0
       0
       0
       1
       0
       0
       0
       0
       0
       0
       0
       0
       0
       0
       0
       0
       0
       0
       0
       0
       0
       0
       0
       0
       1
       0
       0
       0
       0
       0
       0
       0
       0
       0
       1
       0
       0
       0
       0
       0
       0
       1
       0
       0
       0
       1
       2
       0
       1
       0
       0
       0
       0
       0
       0
       0
       0
       0
       0
       0
       0
       0
       0
       0
       0
       0
       0
       0
       0
       0
       0
       0
       0
       0
       0
       0
       1
       0
       0
       0
       0
       0
       0
       0
       0
       0
       1
       1
       0
       0
       0
       1
       0
       0
       0
       1
      25
      36
      35
      43
      34
      51
      44
      40
      42
      35
      37
      46
      41
      56
      62
      54
      45
      44
      63
      49
      74
      53
      42
      58
      54
      45
      60
      60
      50
      55
      63
      57
      69
      66
      69
      65
      46
      41
      52
      38
      44
      41
      41
      52
      48
      53
      37
      51
      44
      35
      45
      44
      35
      44
      58
      47
      30
      35
      46
      47
      24
      32
      41
      37
      36
      32
      33
      32
      43
      26
      39
      36
      34
      31
      37
      34
      45
      31
      26
      28
      21
      23
      26
      29
      38
      32
      28
      31
      35
      34
      27
      27
      23
      26
      29
      31
      33
      22
      32
      24
      22
      31
      25
      26
      25
      33
      26
      30
      28
      28
      26
      27
      31
      29
      18
      27
      25
      27
      20
      25
      31
      29
      23
      36
      20
      39
      19
      33
      26
      32
      38
      25
      26
      26
      32
      32
      28
      37
      30
      26
      29
      36
      27
      32
      19
      26
      24
      38
      28
      23
      33
      26
      35
      30
      27
      25
      28
      31
      27
      34
      29
      36
      21
      26
      13
      16
      34
      28
      28
      27
      23
      30
      29
      27
      38
      36
      31
      22
      29
      28
      22
      28
      35
      29
      28
      29
      25
      27
      29
      35
      38
      32
      30
      24
      36
      28
      24
      28
      21
      37
      34
      32
      25
      40
      23
      33
      21
      27
      38
      32
      19
      33
      33
      29
      32
      24
      27
      20
      34
      33
      30
      39
      37
      36
      29
      26
      26
      35
      30
      23
      38
      29
      24
      22
      30
      24
      33
      30
      33
      38
      25
      35
      26
      42
      27
      33
      31
      30
      26
      25
      36
      23
      35
      35
      40
      45
      23
      26
      31
      30
      29
      36
      23
      30
      25
      28
      29
      34
      24
      33
      31
      29
      28
      33
      37
      39
      35
      36
      39
      48
      24
      31
      40
      27
      27
      27
      22
      33
      28
      33
      27
      24
      38
      31
      34
      34
      39
      39
      32
      36
      23
      25
      25
      26
      40
      37
      36
      38
      34
      31
      29
      38
      29
      28
      37
      25
      37
      26
      42
      36
      33
      30
      39
      21
      30
      46
      32
      42
      29
      26
      25
      23
      37
      43
      34
      30
      43
      39
      26
      46
      22
      30
      37
      36
      30
      32
      31
      43
      30
      44
      40
      35
      25
      34
      41
      42
      33
      35
      31
      32
      31
      38
      36
      33
      37
      44
      42
      40
      30
      33
      23
      26
      43
      33
      31
      34
      41
      45
      27
      32
      40
      42
      39
      47
      34
      46
      31
      30
      45
      49
      37
      33
      41
      36
      38
      40
      43
      36
      26
      38
      47
      34
      41
      37
      29
      41
      22
      34
      47
      48
      37
      31
      56
      36
      39
      33
      38
      37
      34
      50
      31
      43
      39
      36
      33
      38
      32
      44
      27
      36
      30
      44
      37
      45
      29
      42
      35
      36
      40
      46
      38
      45
      54
      49
      46
      30
      41
      41
      46
      41
      36
      43
      39
      39
      41
      31
      43
      37
      37
      46
      38
      40
      42
      39
      43
      37
      30
      30
      38
      38
      41
      40
      30
      32
      29
      31
      36
      44
      29
      35
      36
      47
      36
      43
      31
      34
      53
      39
      30
      35
      41
      36
      36
      36
      30
      31
      37
      34
      41
      34
      30
      31
      32
      38
      48
      40
      31
      42
      37
      31
      36
      45
      30
      34
      35
      26
      35
      40
      41
      39
      43
      42
      36
      31
      31
      26
      35
      28
      41
      38
      28
      39
      27
      40
      33
      34
      38
      25
      34
      41
      20
      28
      33
      33
      30
      40
      30
      41
      40
      44
      31
      36
      28
      22
      25
      33
      32
      37
      34
      29
      33
      28
      44
      26
      32
      34
      27
      29
      39
      29
      33
      33
      41
      27
      35
      42
      30
      28
      29
      32
      21
      25
      29
      39
      27
      28
      28
      35
      40
      35
      42
      29
      20
      28
      27
      35
      28
      27
      38
      27
      28
      49
      26
      36
      33
      30
      21
      33
      28
      34
      32
      21
      29
      31
      32
      31
      34
      27
      32
      32
      36
      33
      25
      45
      19
      27
      38
      32
      38
      33
      32
      29
      25
      30
      26
      38
      34
      45
      39
      29
      34
      18
      34
      32
      22
      37
      33
      41
      36
      31
      37
      30
      31
      32
      34
      32
      35
      26
      26
      32
      33
      28
      28
      32
      36
      31
      48
      37
      23
      33
      30
      29
      29
      31
      45
      32
      36
      34
      29
      49
      30
      43
      26
      29
      33
      31
      30
      22
      26
      31
      38
      40
      34
      36
      29
      33
      34
      40
      27
      31
      25
      37
      36
      25
      37
      35
      33
      29
      44
      33
      25
      30
      37
      29
      25
      26
      36
      24
      29
      22
      34
      28
      33
      37
      31
      31
      37
      34
      35
      30
      28
      34
      32
      34
      33
      24
      37
      31
      22
      32
      27
      32
      22
      33
      28
      28
      17
      31
      32
      19
      32
      32
      31
      33
      29
      42
      23
      37
      28
      34
      28
      27
      22
      24
      31
      21
      26
      25
      33
      35
      38
      25
      45
      22
      34
      30
      26
      29
      32
      31
      35
      29
      27
      33
      17
      33
      33
      35
      24
      45
      23
      24
      19
      34
      24
      39
      22
      32
      35
      33
      27
      22
      34
      34
      33
      49
      29
      24
      42
      27
      39
      42
      32
      39
      25
      28
      27
      33
      36
      29
      36
      31
      32
      37
      38
      31
      40
      31
      24
      33
      35
      30
      28
      38
      28
      27
      33
      39
      24
      39
      20
      36
      24
      30
      32
      29
      36
      32
      29
      21
      30
      32
      28
      36
      33
      35
      31
      30
      24
      30
      35
      35
      37
      28
      25
      38
      27
      27
      22
      22
      42
      32
      31
      31
      29
      27
      27
      29
      32
      31
      24
      27
      22
      26
      31
      39
      28
      18
      38
      29
      30
      31
      27
      31
      19
      29
      26
      25
      28
      34
      27
      26
      24
      36
      28
      35
      34
      33
      26
      39
      46
      31
      33
      35
      32
      34
      34
      24
      30
      32
      34
      29
      31
      37
      35
      35
      26
      32
      31
      28
      30
      34
      21
      35
      30
      29
      38
      30
      36
      27
      34
      30
      34
      29
      23
      27
      22
      26
      34
      35
      33
      27
      34
      21
      33
      31
      30
      27
      33
      25
      24
      29
      31
      37
      29
      36
      27
      30
      38
      26
      27
      33
      33
      28
      36
      32
      27
      30
      33
      34
      26
      32
      34
      33
      38
      38
      19
      27
      26
      35
      28
      32
      22
      25
      47
      32
      29
      29
      33
      33
      23
      31
      37
      29
      43
      29
      22
      48
      29
      30
      28
      29
      25
      31
      31
      29
      36
      30
      26
      28
      36
      27
      55
      22
      23
      25
      27
      36
      40
      35
      24
      32
      41
      28
      31
      31
      36
      33
      31
      28
      29
      29
      30
      24
      31
      35
      25
      42
      29
      22
      26
      29
      31
      32
      34
      25
      38
      25
      34
      18
      29
      30
      31
      28
      20
      35
      32
      25
      28
      21
      32
      27
      24
      23
      20
      24
      32
      30
      26
      33
      25
      27
      18
      40
      32
      31
      16
      25
      32
      23
      39
      32
      29
      23
      40
      29
      34
      25
      18
      36
      29
      17
      32
      15
      23
      22
      35
      30
      34
      25
      38
      24
      30
      21
      42
      34
      23
      29
      30
      24
      26
      23
      20
      33
      27
      25
      35
      27
      33
      32
      30
      31
      28
      26
      22
      27
      34
      30
      26
      31
      28
      27
      25
      32
      26
      34
      20
      18
      36
      34
      23
      22
      28
      24
      26
      24
      21
      21
      27
      25
      29
      30
      22
      20
      26
      22
      28
      28
      33
      12
      27
      33
      30
      28
      27
      21
      27
      23
      24
      18
      26
      28
      27
      22
      24
      21
      25
      27
      23
      24
      27
      16
      25
      27
      23
      31
      19
      16
      26
      27
      20
      27
      26
      25
      26
      21
      26
      32
      21
      21
      30
      26
      19
      25
      33
      27
      25
      20
      31
      28
      21
      25
      29
      22
      20
      35
      21
      22
      39
      26
      31
      29
      21
      15
      21
      31
      37
      26
      32
      27
      29
      27
      23
      23
      22
      30
      23
      28
      14
      17
      25
      22
      18
      28
      22
      31
      21
      22
      23
      31
      27
      20
      21
      19
      27
      26
      28
      23
      21
      28
      25
      19
      19
      26
      29
      20
      25
      18
      28
      17
      18
      22
      32
      21
      20
      16
      30
      23
      23
      26
      30
      18
      31
      20
      25
      17
      17
      28
      21
      30
      23
      23
      26
      15
      19
      22
      29
      18
      24
      25
      20
      25
      31
      21
      30
      35
      25
      27
      26
      25
      15
      32
      25
      29
      28
      24
      21
      28
      22
      24
      16
      22
      20
      22
      19
      24
      16
      16
      16
      25
      31
      22
      26
      24
      18
      17
      24
      24
      21
      26
      22
      21
      21
      28
      27
      25
      21
      30
      31
      17
      26
      24
      16
      26
      29
      23
      21
      22
      26
      28
      22
      21
      26
      24
      17
      23
      17
      19
      15
      26
      22
      26
      25
      20
      26
      26
      25
      20
      27
      18
      25
      22
      25
      16
      22
      26
      24
      19
      28
      18
      20
      23
      31
      23
      33
      25
      25
      24
      21
      18
      27
      16
      24
      15
      18
      26
      25
      18
      20
      15
      29
      19
      25
      23
      23
      29
      14
      23
      19
      27
      21
      17
      25
      23
      32
      28
      25
      21
      23
      14
      21
      19
      22
      32
      21
      32
      22
      31
      21
      27
      20
      27
      25
      35
      21
      23
      21
      22
      27
      17
      23
      20
      26
      27
      20
      26
      17
      26
      24
      26
      14
      27
      30
      23
      17
      24
      17
      24
      24
      28
      19
      28
      30
      25
      20
      22
      28
      27
      31
      16
      20
      22
      22
      31
      24
      33
      18
      18
      29
      26
      32
      25
      30
      24
      21
      28
      23
      26
      22
      29
      33
      31
      29
      30
      23
      26
      19
      30
      22
      38
      25
      29
      37
      35
      34
      36
      28
      36
      39
      32
      47
      38
      32
      43
      36
      46
      35
      50
      31
      39
      35
      34
      35
      28
      30
      26
      39
      39
      35
      45
      30
      41
      53
      35
      44
      44
      45
      47
      49
      47
      33
      49
      55
      38
      38
      44
      43
      65
      58
      54
      56
      39
      37
      68
      51
      44
      41
      54
      47
      44
      55
      35
      46
      66
      53
      61
      48
      59
      57
      55
      54
      53
      53
      59
      69
      60
      47
      54
      58
      69
      57
      52
      61
      48
      60
      70
      56
      51
      64
      73
      50
      61
      56
      46
      53
      44
      63
      66
      63
      51
      51
      63
      68
      65
      56
      47
      67
      62
      60
      53
      55
      64
      55
      78
      75
      47
      66
      64
      48
      66
      67
      52
      66
      54
      55
      36
      46
      47
      53
      63
      49
      48
      61
      53
      46
      49
      49
      57
      51
      44
      52
      51
      42
      48
      47
      51
      55
      49
      49
      43
      52
      42
      45
      51
      55
      34
      42
      42
      41
      46
      50
      50
      42
      42
      44
      43
      52
      37
      42
      34
      43
      44
      41
      41
      35
      37
      35
      46
      43
      31
      42
      44
      28
      32
      38
      34
      33
      33
      30
      35
      32
      28
      33
      26
      27
      37
      32
      28
      40
      27
      32
      30
      25
      24
      18
      35
      31
      36
      34
      24
      32
      30
      26
      20
      26
      33
      18
      19
      29
      25
      25
      24
      29
      19
      31
      30
      20
      25
      21
      22
      17
      22
      21
      32
      24
      18
      23
      24
      14
      18
      26
      31
      21
      24
      23
      20
      21
      25
      24
      16
      26
      24
      21
      14
      23
      18
      20
      18
      24
      24
      11
      22
      16
      27
      12
      27
      17
      24
      24
      16
      19
      23
      19
      25
      14
      15
      29
      19
      19
      18
      16
      24
      21
      18
      16
      17
      14
      16
      21
      17
      13
      21
      15
      22
      14
      21
      22
      24
      15
      23
      20
      21
      26
      21
      16
      14
      20
      20
      21
      15
      18
      18
      15
      19
      17
      18
      24
      24
      13
      19
      17
      23
      17
      30
      21
      18
      18
      17
      25
      19
      21
      22
      19
      15
      18
      21
      17
      24
      18
      22
      25
      16
      26
      18
      20
      17
      25
      17
      22
      18
      23
      18
      22
      26
      24
      26
      11
      25
      22
      18
      22
      27
      19
      21
      20
      23
      21
      13
      25
      20
      27
      19
      14
      22
      25
      20
      11
      17
      31
      18
      26
      11
      19
      22
      18
      13
      19
      21
      14
      21
      26
      16
      23
      13
      21
      24
      19
      19
      16
      21
      15
      14
      18
      21
      19
      20
      17
      21
      16
      16
      23
      13
      20
      26
      17
      19
      13
      20
      27
      28
      15
      18
      25
      24
      20
      17
       9
      21
      20
      15
      19
      16
      19
      22
      13
      20
      17
      22
      21
      21
      29
      23
      22
      23
      21
      12
      12
      25
      24
      15
      17
      18
      29
      23
      19
      29
      12
      18
      23
      22
      29
      18
      18
      16
      19
      19
      17
      26
      19
      24
      18
      25
      14
      15
      27
      19
      16
      19
      24
      20
      13
      25
      25
      21
      26
      23
      17
      25
      25
      22
      20
      19
      23
      16
      22
      24
      21
      20
      12
      20
      18
      19
      20
      14
      25
      23
      23
      19
      27
      21
      23
      17
      20
      21
      19
      19
      19
      31
      23
      20
      12
      17
      20
      24
      19
      15
      21
      23
      23
      27
      19
      16
      22
      13
      14
      23
      24
      19
      21
      21
      20
      25
      21
      15
      34
      16
      24
      23
      17
      18
      25
      15
      17
      20
      13
      20
      21
      16
      23
      17
      22
      16
      23
      21
      25
      23
      25
      16
      24
      26
      23
      30
      14
      24
      20
      15
      26
      20
      27
      16
      23
      14
      22
      26
      21
      20
      26
      19
      19
      19
      23
      17
      19
      23
      24
      16
      23
      21
      15
      26
      19
      28
       9
      20
      14
      24
      15
      17
      16
      22
      29
      19
      23
      17
      19
      21
      24
      22
      20
      26
      25
      20
      27
      30
      21
      20
      14
      15
      26
      25
      20
      25
      18
      14
      14
      20
      25
      20
      14
      21
      22
      13
      28
      19
      21
      19
      24
      22
      23
      16
      27
      18
      18
      18
      16
      22
      18
      25
      20
      16
      30
      14
      26
      22
      23
      19
      25
      25
      29
      23
      20
      18
      32
       9
      23
      26
      22
      26
      19
      24
      16
      17
      29
      22
      16
      31
      19
      22
      25
      11
      25
      27
      19
      22
      29
      21
      25
      34
      17
      21
      13
      18
      22
      35
      14
      13
      18
      23
      22
      31
      21
      19
      19
      21
      23
      19
      17
      28
      25
      15
      30
      17
      24
      20
      14
      21
      30
      16
      21
      29
      26
      21
      25
      26
      26
      24
      25
      21
      17
      14
      12
      18
      20
      20
      17
      18
      13
      27
      25
      17
      19
      20
      16
      27
      20
      23
      21
      27
      17
      23
      29
      19
      24
      20
      28
      21
      22
      30
      22
      17
      24
      20
      28
      22
      14
      20
      20
      19
      10
      16
      20
      17
      19
      22
      21
      24
      14
      19
      20
      26
       9
      19
      23
      25
      28
      15
      28
      22
      20
      17
      27
      16
      22
      20
      25
      34
      21
      25
      21
      17
      29
      16
      16
      19
      19
      27
      18
      18
      18
      26
      25
      27
      20
      19
      19
      20
      24
      21
      23
      13
      20
      24
      19
      25
      22
      16
      24
      10
      21
      21
      21
      24
      16
      17
      21
      18
      19
      19
      14
      18
      23
      19
      25
      21
      22
      21
      18
      18
      18
      21
      23
      16
      20
      14
      19
      20
      13
      26
      24
      19
      22
      23
      18
      19
      14
      13
      18
      14
      18
      15
      20
      13
      25
      16
      20
      19
      10
      10
      13
      15
      17
      16
      17
      13
      16
      15
      19
      15
      17
      13
      13
      13
      17
      18
      17
      20
      14
      13
      18
      16
      20
      19
      23
      13
      15
      16
      18
      12
      14
      19
      14
      13
      21
       9
      13
      16
      12
      15
      15
      22
      13
      15
      13
      19
      18
      10
      20
      16
      16
      22
      23
      15
      18
      10
      10
      15
      20
      13
      14
      13
      11
      23
      17
      12
      17
       9
      12
      14
      15
       8
      16
      14
      17
      10
      10
      16
      20
      16
      12
      14
      10
      11
      12
      15
      15
      19
      10
      19
      10
       9
      15
      10
      18
      12
      13
      24
       9
      11
      13
      17
      13
       8
      19
      13
      12
      10
      15
      18
      14
      16
      14
       9
      16
      14
      10
      16
      14
      11
      20
      18
      13
       9
      16
       9
      14
      13
      13
      14
      19
      10
      10
       7
      17
      14
      20
       9
      14
      12
      10
      12
      11
       8
      18
      17
      17
      17
      10
      13
      12
      10
      17
      10
       9
      13
      14
      15
      11
      17
      22
      12
      23
      12
      15
      12
      10
      10
      14
      11
      13
      12
       9
      12
       9
      10
      14
      18
      15
      13
      11
      17
       7
      13
      20
      15
      12
      10
      16
      20
       8
      15
      10
      13
      15
      12
      11
       9
       9
      11
      11
      10
      18
      16
       7
      19
      17
      16
      13
      14
      16
      13
      15
      12
       9
      13
      13
       8
      12
      16
      13
      11
      13
       7
      13
      11
      18
      13
      11
       8
       8
      11
      16
      13
       9
      11
       8
      16
      11
      10
      17
      11
      10
      14
      13
      17
      19
      16
      10
      13
      15
      11
      15
      16
      12
       6
       9
      20
       8
      13
      14
      16
      17
      12
      16
      14
      12
      16
       9
      11
      11
      17
      11
       9
      17
      13
       5
      13
      11
      10
      14
      15
       9
      14
      12
      16
      14
      12
      12
      16
       8
       5
       9
       9
      14
      13
      13
      10
      17
      11
      16
      19
      11
      15
       5
      15
      12
      13
      12
      14
      15
      11
      12
      13
      17
      12
       9
      13
      18
      15
      11
      16
      13
      13
      13
      14
      15
      18
      12
      11
      13
       8
       9
      10
       9
      10
      16
       9
       8
       8
      14
      13
      10
       9
      16
       8
       7
       8
      19
      10
      15
      10
      19
      10
      15
      13
      21
      17
       9
      15
      15
       9
      24
      18
       9
       9
      18
      15
      15
      15
      18
      11
      12
      13
      19
      13
      16
      12
      15
      10
      14
      19
      16
      16
      15
      14
      17
      12
      17
      15
       9
      18
      20
      12
      15
      19
      14
      17
       9
      14
      12
      19
      16
      15
      11
      13
      18
      12
      15
      17
      15
      25
      19
      13
      24
      20
      15
      17
      18
      20
      21
      18
      24
      14
      22
      22
      13
      19
      19
      14
      25
      22
      16
      21
      18
      23
      25
      16
      25
      21
      22
      28
      26
      22
      27
      26
      16
      24
      28
      14
      28
      25
      19
      15
      33
      25
      21
      17
      27
      20
      26
      29
      35
      23
      33
      24
      25
      27
      10
      29
      28
      22
      32
      19
      34
      31
      39
      40
      45
      34
      35
      27
      31
      23
      35
      31
      32
      36
      33
      32
      33
      36
      45
      33
      40
      43
      43
      42
      27
      31
      38
      42
      31
      37
      33
      34
      45
      34
      34
      42
      35
      30
      32
      44
      41
      40
      42
      45
      58
      35
      53
      46
      49
      50
      37
      40
      41
      47
      43
      33
      43
      33
      33
      43
      32
      44
      37
      47
      50
      44
      50
      44
      42
      54
      38
      50
      41
      46
      51
      51
      41
      46
      44
      37
      40
      44
      43
      59
      49
      54
      46
      51
      36
      34
      32
      40
      49
      44
      46
      56
      37
      43
      41
      40
      41
      53
      50
      43
      49
      46
      55
      49
      35
      35
      37
      56
      49
      53
      38
      42
      43
      45
      36
      35
      37
      36
      38
      41
      41
      39
      45
      39
      25
      27
      43
      32
      40
      42
      51
      39
      29
      53
      42
      32
      39
      34
      34
      36
      34
      38
      23
      42
      35
      37
      29
      25
      28
      30
      23
      22
      27
      30
      24
      35
      34
      30
      31
      24
      32
      35
      26
      26
      35
      26
      23
      30
      24
      26
      27
      13
      31
      23
      14
      18
      25
      30
      25
      27
      21
      30
      18
      20
      26
      22
      23
      20
      24
      15
      16
      17
      14
      14
      17
      32
      19
      22
      19
      13
      19
      16
       7
      19
      10
      14
      15
      15
      19
      15
      13
      20
      14
       9
      12
      17
      10
      17
      11
       9
      11
      12
      10
       9
      11
      12
       8
      12
       9
      17
      13
       7
       9
      14
      10
      15
      13
       6
      12
      10
       6
       8
      10
       6
       4
      13
      11
      10
      10
       6
       9
      12
      12
       9
       9
       8
       5
       5
      10
       6
       8
      10
       8
       8
       4
       8
      12
       7
       5
       6
       9
       3
       3
       5
       6
       5
       3
       7
       1
       5
       2
       7
       8
       8
       9
       5
       3
       7
       6
       9
      11
       5
       5
      11
       3
       7
       4
       4
       2
       6
      12
       9
       3
       5
       8
       5
       8
       5
       6
      12
       9
      10
       4
       9
       7
       3
       6
       6
      11
       9
      10
       8
       8
       8
       5
       4
       7
       7
       9
       6
      13
       4
       4
       9
       4
       9
      13
      11
       9
      11
      14
       6
      12
       8
      12
       7
       8
      15
      17
      13
      10
      13
       7
       8
      12
       7
       7
      14
       9
      16
      11
      13
      13
      11
      16
      19
      12
      18
      18
      18
      15
      16
      11
      14
      19
       7
      16
      12
      15
      15
      14
      18
      12
      20
      20
      16
      14
      23
      20
      16
      13
      22
      20
      20
      20
      24
      17
      13
      24
      19
      25
      19
      24
      21
      23
      15
      18
      22
      21
      26
      24
      33
      15
      17
      17
      24
      27
      24
      29
      29
      16
      23
      28
      18
      19
      33
      27
      21
      39
      23
      24
      19
      25
      25
      29
      17
      20
      26
      23
      32
      22
      28
      28
      29
      33
      29
      22
      30
      31
      25
      38
      25
      25
      30
      36
      33
      26
      34
      31
      33
      30
      44
      36
      39
      31
      34
      36
      25
      34
      33
      42
      27
      42
      26
      32
      29
      44
      51
      32
      30
      30
      31
      30
      34
      34
      43
      37
      31
      38
      30
      36
      32
      33
      31
      40
      38
      40
      29
      38
      33
      39
      37
      33
      37
      38
      40
      32
      29
      33
      28
      34
      28
      34
      40
      41
      40
      39
      39
      33
      26
      37
      32
      25
      30
      29
      36
      31
      30
      29
      26
      33
      32
      26
      32
      22
      34
      35
      31
      31
      34
      25
      26
      25
      32
      29
      35
      30
      34
      34
      28
      32
      27
      32
      24
      24
      26
      28
      30
      24
      35
      22
      28
      38
      31
      19
      27
      23
      32
      26
      22
      28
      22
      24
      22
      19
      26
      18
      18
      25
      23
      17
      20
      22
      17
      31
      13
      20
      19
      33
      15
      23
      25
      21
      27
      16
      19
      17
      17
      19
      11
      14
      18
       9
      21
      12
      14
      14
      14
      13
      16
      15
      16
      17
      12
      16
      17
      16
      18
      13
      14
      15
      14
      12
      10
       9
       6
      12
       9
       8
      10
      10
      11
       7
      14
       9
      13
       5
       6
      10
      16
      11
      11
       4
      11
      12
      11
       4
      10
       8
       8
       5
       0
       7
       7
       6
       3
       5
       5
       4
       6
       4
       7
       6
       6
       2
       3
       6
       4
       3
       6
       4
       7
       7
       2
       1
       4
       3
       5
       5
       3
       7
       2
       7
       3
       2
       1
       3
       2
       0
       4
       5
       2
       3
       2
       3
       2
       4
       1
       0
       1
       0
       0
       0
       0
       0
       0
       0
       0
       0
       0
       0
       0
       0
       0
       0
       0
       0
       0
       0
       0
       0
       0
       0
       0
       0
       0
       0
       0
       0
       0
       1
       0
       0
       0
       0
       0
       0
       0
       0
       0
       0
       0
       0
       0
       0
       0
       0
       0
       0
       0
       0
       0
       0
       0
       0
       0
       0
       0
       0
       0
       0
       0
       0
       0
       0
       0
       0
       0
       0
       0
       0
       0
       0
       0
       0
       0
       0
       0
       0
       0
       0
       0
       0
       0
       0
       0
       0
       0
       0
       0
       0
       0
       0
       0
       0
       0
       0
       0
       0
       0
       0
       0
       0
       0
       0
       0
       0
       0
       0
       0
       0
       0
       0
       0
       0
       0
       0
       0
       0
       0
       0
       0
       0
       0
       0
       0
       0
       0
       0
       0
       0
       0
       0
       0
       0
       0
       0
       0
       0
       0
       0
       0
       0
       0
       0
       0
       0
       0
       0
       0
       0
       0
       0
       0
       0
       0
       0
       0
       0
       0
       0
       0
       0
       0
       0
       0
       0
       0
       0
       0
       0
       0
       0
       0
       0
       0
       0
       0
       0
       0
       0
       0
       0
       0
       0
       0
       0
       0
       0
       0
       0
       0
       0
       0
       0
       0
       0
       0
       0
       0
       0
       0
       0
       0
       0
       0
       0
       0
       0
       0
       0
       0
       0
       0
       0
       0
       0
       0
       0
       0
       0
       0
       0
       0
       0
       0
       0
       0
       0
       0
       0
       0
       0
       0
       0
       0
       0
       0
       0
       0
       0
       0
       0
       0
       0
       0
       0
       0
       0
       0
       0
       0
       0
       0
       0
       0
       0
       0
       0
       0
       0
       0
       0
       0
       0
       0
       0
       0
       0
       0
       0
       0
       0
       0
       0
       0
       0
       0
       0
       0
       0
       0
       0
       0
       0
       0
       0
       0
       0
       0
       0
       0
       0
       0
       0
       0
       0
       0
       0
       0
       0
       0
       0
       0
       0
       0
       0
       0
$ROI:
2
1676 1953
2944 3789
$PRESETS:
None
0
0
$ENER_FIT:
0.000000 0.000000
$MCA_CAL:
3
0.000000E+000 0.000000E+000 0.000000E+000 
$SHAPE_CAL:
3
0.000000E+000 0.000000E+000 0.000000E+000
