$SPEC_ID:
No sample description was entered.
$SPEC_REM:
DET# 1
DETDESC# FSGUNIV-O93LS3D Easy-MCA-8k SN 17088661
AP# Maestro Version 7.01
$DATE_MEA:
01/27/2022 16:20:17
$MEAS_TIM:
89 90
$DATA:
0 4095
       0
       0
       0
       0
       0
       0
       0
       0
       0
       0
       0
       0
       0
       0
       0
       0
       0
       0
       0
       0
       0
       0
       0
       0
       0
       0
       0
       0
       0
       0
       0
       0
       0
       0
       0
       0
       0
       0
       0
       0
       0
       0
       0
       0
       0
       0
       0
       0
       0
       0
       0
       0
       0
       0
       0
       0
       0
       0
       0
       0
       0
       0
       0
       0
       0
       0
       0
       0
       0
       0
       0
       0
       0
       0
       0
       0
       0
       0
       0
       0
       0
       0
       0
       0
       0
       0
       0
       0
       0
       0
       0
       0
       0
       0
       0
       0
       0
       0
       0
       0
       0
       0
       0
       0
       0
       0
       0
       0
       0
       0
       0
       0
       0
       0
       0
       0
       0
       0
       0
       0
       0
       0
       0
       0
       0
       0
       0
       0
       0
       0
       1
       0
       0
       0
       0
       0
       0
       0
       0
       0
       1
       0
       0
       0
       0
       0
       0
       1
       0
       0
       0
       0
       2
       0
       1
       0
       0
       0
       0
       0
       0
       0
       0
       0
       0
       0
       0
       0
       0
       0
       0
       0
       0
       0
       0
       0
       0
       0
       0
       0
       0
       0
       1
       0
       0
       0
       0
       0
       0
       0
       0
       0
       1
       1
       0
       0
       0
       1
       0
       0
       0
       1
      21
      29
      23
      34
      28
      40
      38
      31
      32
      32
      30
      40
      31
      42
      43
      42
      35
      34
      51
      34
      54
      38
      33
      39
      37
      34
      53
      42
      41
      42
      47
      50
      50
      50
      47
      49
      39
      34
      41
      29
      36
      37
      36
      39
      35
      38
      27
      37
      33
      28
      30
      29
      28
      31
      41
      36
      21
      23
      35
      32
      21
      25
      34
      29
      26
      24
      27
      21
      33
      19
      33
      24
      25
      25
      32
      25
      36
      26
      19
      19
      17
      19
      19
      22
      30
      26
      19
      23
      23
      26
      23
      22
      16
      20
      23
      27
      29
      13
      24
      21
      18
      23
      22
      24
      22
      24
      24
      21
      19
      17
      23
      20
      25
      25
      12
      20
      18
      20
      17
      22
      21
      26
      18
      29
      13
      32
      16
      28
      21
      23
      26
      15
      17
      18
      26
      21
      23
      28
      24
      19
      22
      27
      21
      27
      13
      20
      18
      30
      24
      18
      26
      21
      24
      24
      23
      23
      23
      26
      18
      27
      21
      29
      11
      22
      10
      11
      27
      21
      25
      14
      17
      26
      25
      20
      26
      28
      24
      16
      20
      24
      15
      23
      23
      25
      22
      20
      19
      22
      21
      28
      28
      20
      21
      22
      34
      19
      17
      22
      18
      32
      23
      26
      16
      24
      18
      28
      19
      20
      28
      25
      15
      29
      26
      25
      25
      17
      18
      16
      24
      25
      26
      26
      21
      24
      23
      24
      15
      27
      24
      13
      25
      20
      17
      17
      24
      16
      25
      20
      25
      29
      13
      28
      22
      33
      23
      26
      24
      25
      19
      22
      24
      16
      27
      26
      29
      35
      16
      18
      27
      20
      21
      29
      18
      22
      22
      21
      18
      27
      20
      27
      21
      22
      25
      23
      27
      36
      26
      29
      29
      38
      13
      24
      32
      20
      19
      19
      14
      26
      22
      27
      21
      22
      30
      25
      27
      22
      34
      27
      26
      29
      16
      14
      18
      19
      35
      33
      28
      30
      25
      24
      21
      31
      24
      22
      28
      22
      24
      20
      29
      27
      20
      20
      28
      16
      24
      30
      25
      33
      23
      15
      21
      18
      23
      29
      23
      23
      32
      30
      20
      36
      18
      26
      28
      32
      20
      20
      20
      34
      17
      31
      25
      27
      21
      23
      28
      29
      19
      22
      26
      22
      22
      32
      30
      26
      29
      33
      32
      30
      27
      24
      12
      19
      33
      26
      22
      27
      32
      36
      24
      28
      30
      29
      26
      39
      28
      29
      21
      23
      33
      41
      31
      23
      32
      25
      27
      32
      37
      28
      22
      28
      35
      28
      31
      28
      24
      31
      16
      27
      35
      39
      26
      22
      46
      27
      31
      28
      33
      31
      25
      43
      24
      36
      30
      31
      29
      27
      27
      33
      23
      31
      24
      37
      30
      36
      22
      32
      30
      29
      36
      39
      26
      35
      45
      43
      38
      17
      36
      38
      34
      35
      29
      33
      31
      34
      33
      27
      32
      31
      34
      34
      35
      33
      36
      34
      36
      27
      22
      20
      28
      36
      32
      31
      24
      27
      25
      25
      27
      33
      28
      26
      30
      40
      28
      32
      20
      27
      44
      32
      20
      25
      28
      32
      26
      32
      23
      23
      34
      29
      34
      29
      23
      24
      27
      31
      36
      32
      27
      34
      28
      25
      27
      31
      22
      27
      31
      21
      24
      36
      31
      31
      33
      35
      20
      20
      28
      21
      33
      20
      38
      31
      23
      31
      19
      31
      29
      27
      33
      19
      25
      32
      13
      21
      22
      25
      23
      36
      21
      34
      29
      34
      22
      27
      21
      18
      18
      24
      25
      27
      26
      21
      26
      19
      31
      20
      26
      24
      24
      25
      34
      27
      25
      28
      31
      19
      25
      27
      28
      21
      25
      28
      14
      21
      22
      36
      24
      18
      25
      27
      32
      26
      34
      23
      17
      22
      23
      26
      22
      22
      29
      23
      23
      41
      19
      31
      30
      22
      15
      26
      26
      24
      26
      19
      25
      25
      24
      29
      26
      16
      25
      27
      29
      27
      18
      38
      18
      22
      31
      25
      30
      26
      28
      20
      22
      26
      22
      32
      26
      34
      32
      24
      28
      14
      24
      27
      15
      28
      26
      33
      27
      27
      35
      21
      19
      25
      24
      25
      26
      19
      21
      25
      25
      23
      21
      25
      25
      19
      35
      30
      16
      26
      23
      27
      23
      25
      34
      22
      32
      22
      19
      39
      20
      28
      18
      20
      23
      24
      21
      18
      20
      21
      28
      31
      25
      26
      21
      21
      25
      30
      18
      24
      18
      32
      30
      19
      29
      29
      24
      18
      31
      29
      19
      24
      31
      20
      19
      21
      28
      19
      25
      17
      20
      24
      26
      28
      23
      25
      27
      23
      26
      16
      22
      25
      22
      23
      23
      17
      32
      24
      16
      23
      22
      24
      17
      25
      16
      20
      16
      22
      28
      16
      23
      24
      22
      25
      23
      30
      19
      29
      21
      24
      24
      22
      19
      17
      23
      15
      22
      22
      30
      28
      29
      24
      36
      19
      30
      22
      17
      24
      21
      23
      27
      19
      20
      20
      13
      29
      24
      29
      20
      36
      18
      20
      11
      22
      19
      24
      14
      29
      30
      28
      23
      17
      23
      28
      24
      34
      19
      18
      28
      19
      31
      37
      25
      28
      23
      21
      23
      24
      27
      27
      26
      25
      24
      27
      30
      17
      33
      24
      19
      27
      29
      21
      22
      30
      22
      18
      30
      31
      15
      31
      16
      26
      19
      25
      25
      19
      24
      23
      23
      14
      25
      26
      20
      28
      25
      33
      26
      23
      19
      23
      27
      28
      27
      24
      18
      25
      18
      22
      17
      17
      26
      24
      25
      23
      19
      22
      18
      23
      25
      22
      17
      25
      16
      20
      27
      27
      17
      14
      32
      21
      21
      24
      22
      24
      15
      21
      20
      20
      22
      29
      17
      23
      20
      26
      18
      27
      21
      25
      23
      29
      31
      20
      24
      27
      24
      31
      28
      15
      27
      25
      28
      18
      24
      31
      27
      29
      20
      27
      21
      14
      22
      26
      15
      30
      26
      18
      24
      24
      28
      19
      25
      23
      29
      24
      18
      19
      15
      20
      29
      29
      23
      25
      25
      15
      28
      23
      23
      22
      23
      16
      19
      21
      24
      29
      19
      25
      21
      25
      30
      21
      21
      17
      24
      22
      29
      22
      15
      24
      21
      27
      19
      25
      24
      28
      26
      25
      14
      24
      23
      28
      21
      23
      15
      20
      36
      23
      20
      23
      31
      25
      15
      22
      25
      24
      38
      22
      16
      39
      26
      25
      18
      19
      20
      24
      24
      20
      29
      21
      18
      21
      23
      24
      38
      15
      17
      22
      19
      27
      29
      28
      20
      23
      30
      22
      24
      22
      25
      24
      23
      18
      25
      19
      24
      18
      27
      26
      21
      35
      20
      16
      23
      23
      22
      29
      27
      19
      26
      18
      20
      14
      21
      26
      25
      24
      15
      30
      26
      19
      21
      18
      23
      21
      17
      20
      20
      23
      25
      23
      19
      23
      21
      27
      14
      27
      27
      24
      15
      20
      26
      19
      32
      27
      26
      16
      29
      28
      26
      21
      13
      31
      23
      13
      28
      11
      20
      18
      27
      26
      31
      20
      29
      21
      25
      18
      37
      26
      19
      21
      25
      19
      19
      19
      17
      27
      23
      23
      32
      23
      30
      27
      22
      24
      24
      21
      19
      20
      32
      23
      24
      26
      25
      18
      22
      29
      23
      27
      19
      17
      34
      26
      20
      19
      26
      20
      24
      20
      17
      18
      22
      23
      26
      27
      17
      19
      23
      19
      21
      27
      28
       9
      24
      30
      26
      25
      25
      19
      24
      20
      20
      17
      25
      26
      25
      20
      23
      21
      24
      24
      20
      22
      23
      13
      22
      23
      21
      29
      15
      13
      24
      25
      19
      24
      22
      24
      23
      18
      22
      30
      21
      17
      25
      22
      18
      19
      28
      26
      23
      19
      28
      27
      21
      23
      24
      22
      19
      33
      20
      19
      32
      21
      29
      26
      20
      15
      18
      29
      33
      22
      29
      19
      27
      24
      21
      21
      20
      29
      19
      27
      13
      14
      23
      19
      16
      28
      21
      30
      19
      18
      20
      28
      24
      18
      20
      15
      23
      25
      28
      21
      20
      26
      24
      18
      18
      24
      26
      19
      23
      18
      25
      16
      16
      20
      27
      19
      17
      16
      24
      21
      21
      24
      26
      16
      27
      19
      25
      15
      17
      27
      21
      30
      23
      21
      26
      12
      15
      19
      21
      18
      22
      23
      19
      22
      29
      20
      28
      33
      21
      25
      25
      25
      13
      27
      23
      26
      27
      21
      20
      28
      22
      20
      15
      21
      19
      19
      18
      21
      16
      15
      15
      23
      31
      22
      26
      21
      16
      16
      23
      22
      19
      26
      20
      20
      20
      24
      25
      22
      18
      29
      28
      17
      26
      21
      15
      22
      27
      20
      21
      21
      25
      26
      20
      20
      25
      22
      16
      21
      17
      18
      14
      24
      21
      25
      25
      18
      24
      23
      23
      18
      27
      16
      24
      21
      22
      14
      22
      25
      23
      18
      26
      16
      16
      20
      31
      21
      30
      24
      24
      21
      20
      17
      26
      16
      23
      15
      16
      24
      24
      18
      18
      13
      26
      19
      24
      22
      22
      28
      12
      21
      17
      27
      21
      15
      24
      18
      31
      24
      19
      20
      23
      12
      20
      17
      22
      27
      20
      28
      20
      27
      20
      25
      20
      24
      22
      34
      18
      20
      18
      16
      23
      15
      19
      19
      23
      26
      18
      21
      15
      25
      24
      19
      12
      23
      25
      20
      16
      17
      15
      22
      21
      24
      16
      19
      25
      21
      17
      19
      20
      20
      22
      12
      14
      18
      14
      23
      18
      24
      13
      14
      21
      22
      25
      19
      23
      19
      17
      21
      15
      20
      15
      24
      21
      23
      23
      23
      15
      20
      10
      22
      13
      27
      16
      20
      23
      26
      24
      23
      14
      23
      21
      20
      28
      19
      22
      25
      26
      26
      23
      30
      13
      22
      20
      20
      21
      17
      14
      12
      20
      23
      19
      20
      18
      19
      27
      17
      18
      22
      30
      25
      23
      23
      18
      15
      24
      20
      20
      20
      15
      28
      29
      24
      27
      12
      15
      22
      20
      21
      18
      23
      18
      22
      18
      12
      22
      27
      21
      26
      15
      31
      20
      20
      20
      17
      23
      28
      20
      20
      15
      26
      19
      27
      22
      19
      21
      19
      18
      26
      20
      16
      23
      27
      22
      21
      18
      20
      20
      15
      21
      22
      24
      22
      20
      19
      19
      12
      20
      15
      27
      26
      19
      20
      19
      28
      28
      32
      28
      22
      20
      24
      13
      21
      28
      20
      21
      22
      25
      13
      23
      17
      18
      18
      21
      16
      23
      24
      19
      20
      15
      28
      21
      17
      18
      17
      14
      22
      15
      18
      24
      19
      22
      16
      18
      21
      18
      21
      29
      12
      21
      17
      16
      15
      21
      20
      17
      19
      24
      13
      24
      18
      24
      19
      16
      22
      21
      26
      24
      19
      22
      26
      25
      20
      24
      23
      11
      24
      27
      11
      21
      14
      15
      23
      17
      18
      23
      21
      13
      25
      23
      18
      24
      22
      22
      19
      17
      15
      14
      28
      24
      29
      25
      16
      18
      23
      16
      16
      24
      27
      14
      14
      23
      24
      19
      18
      21
      15
      28
      24
      14
      22
      19
      20
      14
      16
      19
      30
      22
      18
      21
      22
      13
      18
      23
      30
      18
      23
      22
      18
      18
      23
      24
      15
      26
      23
      19
      13
      23
      17
      20
      17
      23
      20
      11
      21
      15
      25
      10
      27
      15
      22
      24
      15
      18
      22
      18
      24
      14
      15
      27
      19
      19
      18
      16
      24
      21
      18
      16
      17
      14
      16
      20
      17
      13
      20
      15
      21
      14
      21
      22
      24
      15
      23
      20
      20
      26
      21
      15
      14
      20
      20
      21
      15
      18
      18
      15
      19
      17
      18
      24
      24
      13
      19
      17
      23
      17
      30
      21
      18
      18
      17
      24
      19
      21
      22
      18
      15
      18
      21
      17
      23
      18
      22
      25
      16
      26
      18
      20
      17
      25
      17
      21
      18
      23
      18
      22
      26
      24
      26
      11
      25
      22
      18
      22
      26
      19
      21
      20
      23
      21
      13
      25
      20
      27
      18
      14
      22
      25
      20
      11
      16
      30
      18
      26
      11
      19
      22
      18
      13
      19
      21
      14
      21
      26
      16
      23
      12
      21
      24
      19
      19
      16
      21
      15
      14
      18
      21
      19
      20
      17
      21
      16
      16
      23
      13
      20
      25
      17
      19
      13
      20
      27
      28
      15
      18
      25
      24
      20
      17
       8
      21
      20
      15
      19
      16
      18
      22
      13
      20
      17
      22
      21
      21
      29
      23
      22
      23
      21
      12
      12
      24
      24
      15
      17
      18
      29
      22
      19
      29
      12
      18
      23
      22
      29
      18
      18
      16
      19
      19
      17
      26
      19
      24
      18
      25
      14
      15
      27
      19
      16
      19
      24
      20
      13
      25
      24
      21
      26
      23
      17
      25
      25
      22
      20
      19
      23
      16
      22
      24
      21
      20
      12
      20
      18
      19
      20
      14
      25
      23
      23
      19
      27
      20
      23
      17
      20
      21
      18
      19
      19
      31
      23
      20
      12
      17
      20
      23
      19
      14
      21
      23
      23
      27
      19
      16
      21
      13
      14
      23
      24
      19
      21
      21
      20
      25
      21
      15
      34
      16
      23
      23
      17
      18
      25
      15
      17
      20
      13
      19
      21
      16
      23
      17
      22
      16
      23
      21
      25
      23
      25
      16
      24
      26
      22
      30
      14
      24
      20
      15
      26
      20
      27
      16
      23
      14
      22
      26
      21
      20
      26
      19
      18
      19
      23
      17
      19
      23
      24
      16
      23
      21
      15
      26
      19
      28
       9
      20
      14
      24
      15
      17
      16
      22
      29
      19
      23
      17
      19
      21
      24
      22
      20
      26
      25
      20
      27
      30
      21
      20
      14
      15
      26
      25
      20
      25
      18
      14
      14
      20
      25
      19
      14
      21
      21
      13
      28
      18
      21
      19
      23
      22
      23
      16
      27
      18
      18
      18
      16
      22
      18
      25
      19
      16
      30
      14
      26
      22
      23
      19
      25
      25
      29
      23
      20
      18
      32
       9
      23
      26
      22
      26
      19
      24
      16
      17
      29
      22
      15
      31
      19
      22
      25
      11
      25
      27
      18
      22
      28
      21
      25
      34
      17
      21
      13
      18
      22
      35
      14
      13
      18
      23
      22
      31
      21
      19
      19
      21
      23
      19
      17
      28
      25
      15
      30
      17
      24
      20
      14
      21
      29
      16
      21
      29
      26
      21
      25
      26
      26
      24
      25
      21
      17
      14
      12
      18
      20
      20
      17
      18
      13
      27
      25
      17
      18
      19
      16
      27
      19
      23
      21
      27
      17
      23
      29
      19
      24
      20
      28
      21
      22
      30
      22
      17
      24
      20
      28
      22
      14
      20
      20
      19
      10
      16
      20
      17
      19
      22
      21
      23
      14
      19
      20
      26
       9
      19
      23
      25
      28
      15
      28
      22
      20
      17
      27
      15
      21
      20
      25
      34
      21
      25
      21
      17
      28
      16
      16
      19
      19
      27
      18
      18
      18
      26
      25
      27
      20
      19
      19
      20
      24
      21
      23
      13
      20
      24
      19
      25
      22
      16
      24
      10
      21
      21
      21
      24
      16
      17
      21
      18
      19
      19
      14
      18
      23
      19
      25
      21
      22
      21
      18
      17
      18
      21
      22
      16
      20
      14
      19
      20
      13
      26
      24
      19
      22
      23
      18
      19
      14
      13
      18
      14
      18
      15
      20
      13
      25
      16
      20
      18
      10
      10
      13
      15
      17
      16
      17
      13
      16
      15
      19
      15
      17
      13
      13
      13
      17
      18
      17
      20
      14
      12
      18
      16
      20
      19
      22
      13
      15
      16
      18
      12
      14
      19
      14
      13
      21
       9
      12
      16
      12
      15
      15
      22
      13
      15
      13
      19
      18
      10
      20
      16
      16
      22
      23
      15
      18
      10
      10
      15
      20
      13
      14
      13
      11
      23
      17
      12
      17
       9
      12
      14
      15
       8
      16
      14
      16
      10
      10
      16
      20
      16
      12
      14
      10
      10
      12
      15
      15
      19
      10
      19
      10
       9
      15
      10
      18
      12
      13
      24
       9
      11
      12
      17
      13
       8
      19
      13
      12
      10
      15
      18
      14
      16
      14
       9
      16
      14
      10
      16
      14
      11
      20
      18
      13
       9
      16
       9
      14
      13
      13
      14
      19
      10
      10
       7
      17
      14
      20
       9
      13
      12
      10
      12
      11
       8
      18
      17
      17
      17
      10
      13
      12
      10
      17
      10
       9
      13
      14
      15
      11
      17
      22
      12
      23
      12
      15
      11
      10
      10
      14
      11
      13
      12
       9
      11
       9
      10
      14
      18
      15
      13
      11
      17
       7
      13
      19
      15
      12
      10
      16
      20
       8
      15
      10
      13
      15
      12
      11
       9
       9
      11
      11
      10
      18
      16
       7
      19
      17
      15
      13
      14
      16
      13
      15
      10
       8
      13
      13
       8
      12
      16
      12
      11
      13
       7
      12
      11
      18
      13
      11
       8
       8
      11
      15
      13
       9
      11
       8
      16
      11
      10
      17
      11
      10
      14
      13
      17
      19
      16
      10
      13
      15
      11
      15
      16
      12
       6
       9
      20
       8
      13
      14
      16
      17
      12
      16
      14
      12
      16
       9
      11
      11
      17
      11
       9
      17
      12
       5
      13
      11
      10
      13
      15
       9
      14
      12
      16
      14
      12
      12
      16
       7
       5
       9
       9
      14
      13
      13
      10
      17
      11
      16
      19
      11
      15
       5
      15
      12
      13
      12
      14
      15
      11
      12
      13
      17
      12
       9
      13
      17
      15
      11
      16
      13
      13
      13
      14
      15
      18
      12
      11
      13
       8
       9
      10
       9
      10
      16
       9
       8
       8
      14
      13
      10
       9
      16
       8
       7
       8
      19
      10
      15
      10
      18
      10
      15
      13
      21
      17
       9
      15
      15
       8
      24
      18
       9
       9
      18
      15
      15
      15
      18
      11
      12
      13
      19
      13
      15
      12
      15
      10
      14
      19
      16
      16
      15
      14
      17
      12
      17
      15
       9
      18
      20
      12
      15
      19
      14
      17
       9
      14
      11
      19
      16
      15
      11
      13
      18
      12
      15
      17
      15
      25
      19
      13
      24
      20
      15
      16
      18
      20
      21
      18
      24
      14
      22
      22
      13
      19
      19
      14
      25
      22
      16
      21
      18
      23
      25
      16
      25
      21
      22
      28
      26
      22
      27
      25
      16
      24
      28
      14
      28
      25
      19
      15
      33
      25
      21
      17
      27
      20
      26
      29
      35
      23
      33
      24
      25
      27
      10
      29
      28
      22
      32
      19
      34
      31
      39
      40
      45
      34
      35
      27
      31
      23
      35
      31
      32
      36
      33
      32
      33
      36
      45
      33
      40
      43
      43
      42
      27
      31
      38
      42
      31
      37
      33
      34
      45
      34
      34
      42
      35
      30
      32
      44
      41
      40
      42
      45
      58
      35
      53
      46
      49
      50
      37
      40
      41
      47
      43
      33
      43
      33
      33
      43
      32
      44
      37
      47
      50
      44
      50
      44
      42
      54
      38
      50
      41
      46
      51
      51
      41
      46
      44
      37
      40
      44
      43
      59
      49
      54
      46
      51
      36
      34
      32
      40
      49
      44
      46
      56
      37
      43
      40
      40
      41
      53
      50
      43
      48
      46
      54
      49
      35
      35
      37
      56
      49
      53
      38
      42
      42
      45
      36
      35
      37
      36
      38
      41
      41
      39
      45
      39
      25
      27
      43
      32
      40
      42
      51
      39
      29
      53
      42
      32
      39
      34
      33
      36
      34
      38
      23
      42
      35
      37
      29
      25
      28
      30
      23
      22
      27
      30
      24
      35
      34
      30
      31
      24
      32
      35
      26
      26
      35
      26
      23
      30
      24
      26
      27
      13
      31
      23
      14
      18
      25
      30
      25
      27
      21
      30
      18
      20
      25
      22
      23
      20
      24
      15
      16
      17
      14
      14
      17
      32
      19
      22
      19
      13
      19
      16
       7
      18
      10
      14
      15
      15
      19
      15
      13
      20
      14
       9
      12
      17
      10
      17
      11
       9
      11
      12
      10
       9
      11
      12
       8
      12
       9
      17
      13
       7
       9
      14
      10
      13
      13
       6
      12
      10
       6
       8
      10
       6
       4
      12
      11
      10
      10
       6
       9
      12
      12
       9
       9
       8
       5
       5
      10
       6
       8
      10
       8
       8
       4
       8
      12
       7
       4
       6
       9
       3
       3
       5
       6
       5
       3
       7
       1
       5
       2
       7
       8
       8
       9
       5
       3
       7
       6
       9
      11
       5
       5
      11
       3
       7
       4
       4
       2
       6
      12
       9
       3
       5
       8
       5
       8
       5
       6
      12
       9
      10
       4
       9
       7
       3
       6
       6
      10
       9
      10
       8
       8
       8
       5
       4
       7
       7
       9
       6
      13
       4
       4
       9
       4
       9
      13
      11
       9
      11
      14
       6
      12
       8
      12
       7
       8
      15
      17
      13
      10
      13
       7
       8
      12
       7
       7
      14
       9
      16
      11
      13
      12
      11
      16
      19
      12
      18
      18
      18
      15
      16
      11
      14
      19
       7
      16
      12
      14
      15
      14
      18
      12
      20
      20
      16
      14
      23
      20
      16
      13
      22
      20
      20
      20
      24
      17
      13
      24
      19
      25
      19
      24
      21
      23
      15
      18
      22
      20
      26
      24
      33
      15
      17
      17
      24
      27
      24
      29
      29
      16
      23
      28
      18
      19
      33
      27
      21
      39
      23
      24
      19
      25
      25
      29
      17
      19
      26
      23
      32
      22
      28
      28
      29
      33
      29
      22
      30
      31
      25
      38
      25
      25
      30
      36
      33
      26
      34
      31
      33
      30
      44
      36
      39
      31
      34
      36
      25
      34
      33
      42
      27
      42
      26
      32
      29
      44
      51
      32
      30
      30
      31
      30
      34
      34
      43
      37
      31
      37
      30
      36
      32
      33
      31
      40
      38
      40
      29
      38
      33
      39
      37
      33
      37
      38
      40
      32
      29
      33
      28
      34
      28
      34
      40
      41
      40
      39
      39
      33
      26
      37
      32
      25
      30
      29
      36
      31
      30
      29
      26
      33
      32
      26
      32
      22
      34
      35
      31
      31
      34
      25
      26
      25
      32
      29
      35
      30
      34
      34
      28
      32
      27
      32
      24
      24
      26
      28
      30
      24
      35
      22
      28
      38
      31
      19
      27
      23
      32
      26
      22
      27
      22
      24
      22
      19
      26
      18
      18
      25
      23
      17
      20
      22
      17
      31
      13
      20
      19
      32
      15
      23
      25
      21
      27
      16
      19
      17
      16
      19
      11
      14
      18
       9
      21
      12
      13
      14
      14
      13
      16
      15
      16
      17
      12
      16
      17
      15
      18
      13
      14
      15
      14
      12
      10
       9
       6
      12
       9
       8
      10
      10
      11
       7
      14
       9
      13
       5
       6
      10
      16
      11
      11
       4
      11
      12
      11
       4
      10
       8
       8
       5
       0
       7
       7
       6
       3
       5
       5
       4
       5
       4
       7
       6
       6
       2
       3
       6
       4
       3
       6
       4
       7
       7
       2
       1
       4
       3
       5
       5
       3
       7
       2
       6
       3
       2
       1
       3
       2
       0
       3
       5
       2
       3
       2
       3
       2
       4
       1
       0
       1
       0
       0
       0
       0
       0
       0
       0
       0
       0
       0
       0
       0
       0
       0
       0
       0
       0
       0
       0
       0
       0
       0
       0
       0
       0
       0
       0
       0
       0
       0
       1
       0
       0
       0
       0
       0
       0
       0
       0
       0
       0
       0
       0
       0
       0
       0
       0
       0
       0
       0
       0
       0
       0
       0
       0
       0
       0
       0
       0
       0
       0
       0
       0
       0
       0
       0
       0
       0
       0
       0
       0
       0
       0
       0
       0
       0
       0
       0
       0
       0
       0
       0
       0
       0
       0
       0
       0
       0
       0
       0
       0
       0
       0
       0
       0
       0
       0
       0
       0
       0
       0
       0
       0
       0
       0
       0
       0
       0
       0
       0
       0
       0
       0
       0
       0
       0
       0
       0
       0
       0
       0
       0
       0
       0
       0
       0
       0
       0
       0
       0
       0
       0
       0
       0
       0
       0
       0
       0
       0
       0
       0
       0
       0
       0
       0
       0
       0
       0
       0
       0
       0
       0
       0
       0
       0
       0
       0
       0
       0
       0
       0
       0
       0
       0
       0
       0
       0
       0
       0
       0
       0
       0
       0
       0
       0
       0
       0
       0
       0
       0
       0
       0
       0
       0
       0
       0
       0
       0
       0
       0
       0
       0
       0
       0
       0
       0
       0
       0
       0
       0
       0
       0
       0
       0
       0
       0
       0
       0
       0
       0
       0
       0
       0
       0
       0
       0
       0
       0
       0
       0
       0
       0
       0
       0
       0
       0
       0
       0
       0
       0
       0
       0
       0
       0
       0
       0
       0
       0
       0
       0
       0
       0
       0
       0
       0
       0
       0
       0
       0
       0
       0
       0
       0
       0
       0
       0
       0
       0
       0
       0
       0
       0
       0
       0
       0
       0
       0
       0
       0
       0
       0
       0
       0
       0
       0
       0
       0
       0
       0
       0
       0
       0
       0
       0
       0
       0
       0
       0
       0
       0
       0
       0
       0
       0
       0
       0
       0
       0
       0
       0
       0
       0
       0
       0
       0
       0
       0
       0
$ROI:
1
2944 3789
$PRESETS:
None
0
0
$ENER_FIT:
0.000000 0.000000
$MCA_CAL:
3
0.000000E+000 0.000000E+000 0.000000E+000 
$SHAPE_CAL:
3
0.000000E+000 0.000000E+000 0.000000E+000
