$SPEC_ID:
No sample description was entered.
$SPEC_REM:
DET# 1
DETDESC# FSGUNIV-O93LS3D Easy-MCA-8k SN 17088661
AP# Maestro Version 7.01
$DATE_MEA:
01/27/2022 14:47:48
$MEAS_TIM:
180 180
$DATA:
0 4095
       0
       0
       0
       0
       0
       0
       0
       0
       0
       0
       0
       0
       0
       0
       0
       0
       0
       0
       0
       0
       0
       0
       0
       0
       0
       0
       0
       0
       0
       0
       0
       0
       0
       0
       0
       0
       0
       0
       0
       0
       0
       0
       0
       0
       0
       0
       0
       0
       0
       0
       0
       0
       0
       0
       0
       0
       0
       0
       0
       0
       0
       0
       0
       0
       0
       0
       0
       0
       0
       0
       0
       0
       0
       0
       0
       0
       0
       0
       0
       0
       0
       0
       0
       0
       0
       0
       0
       0
       0
       0
       0
       0
       0
       0
       0
       0
       0
       0
       0
       0
       0
       0
       0
       0
       0
       0
       0
       0
       0
       0
       0
       0
       0
       0
       0
       0
       0
       0
       0
       0
       0
       0
       0
       0
       0
       0
       0
       0
       0
       0
       0
       0
       0
       0
       0
       0
       0
       0
       0
       0
       0
       0
       0
       0
       0
       0
       0
       0
       0
       0
       0
       0
       0
       0
       0
       0
       0
       0
       0
       0
       0
       0
       0
       0
       0
       0
       0
       0
       0
       0
       0
       0
       0
       0
       0
       0
       0
       0
       0
       0
       0
       0
       0
       0
       0
       0
       0
       0
       0
       0
       0
       0
       0
       0
       0
       0
       0
       0
       0
       0
       0
       0
      12
      17
      12
      13
      11
      14
      11
      14
      10
      18
      14
      19
      20
      11
      16
      18
      24
      11
      27
      28
      15
      19
      21
      21
      26
      18
      19
      11
      13
      12
      19
      22
      20
      15
      14
      18
      13
      23
      15
      15
      20
       9
      17
      16
      11
      15
      12
      11
      14
      21
      10
      10
      17
      15
      17
      14
      22
      18
      10
      17
      10
      13
      10
      14
      16
       9
      21
       9
      12
       9
      15
      15
      12
      12
      12
      12
       9
      10
       9
      18
      12
      11
       6
      13
      14
      17
       8
       5
      16
      10
      14
      15
      13
      13
      12
      10
      11
      10
      10
       8
       6
      13
      11
      13
       8
       8
      13
      19
      11
       9
      10
       6
      11
      16
       4
      12
       6
      11
      17
       4
       5
       7
      13
       6
      13
      14
      10
      14
      10
      10
      13
      12
       7
      12
       8
       7
       8
      15
      13
      15
      13
       9
      11
      12
       9
      14
      10
      13
      11
      15
      11
      13
       9
      10
      13
       9
      15
      14
       9
       9
       7
       6
      13
      13
      16
      10
      14
       6
      13
       6
      14
      14
      10
       7
       8
      10
       6
      14
      10
      10
       9
      10
      11
      10
      20
      11
      14
      13
      12
      13
       9
      15
      12
       7
       6
      10
       9
      22
      16
      13
      12
      15
      11
      12
       8
      11
       5
      14
      11
      11
       9
      18
      23
       9
      15
       9
       7
      11
      16
      14
      13
       9
      13
      12
       9
      10
      13
       9
       9
      12
      16
      14
      13
       9
      10
       7
       8
      13
      12
      16
      14
      10
      14
      14
      11
      15
      10
       7
       9
      10
       9
      15
       9
       9
      14
       3
      15
      10
       8
      16
      12
      17
      10
      12
      15
      15
      11
      11
       8
      17
       9
      20
      12
      10
      16
      13
      14
      10
      13
      13
      11
       9
       7
      17
       6
       5
       8
      18
       9
      14
      10
      10
      13
       8
      17
      10
      17
      22
      13
      15
      13
      14
      11
       9
      16
      14
      16
      21
      19
      10
      13
       9
      19
      13
      13
      13
      14
      12
      13
      15
      14
      11
      17
      16
      16
      21
      17
       8
      13
      13
      12
      14
      11
      16
      14
      15
      22
      24
      18
      18
      13
      10
      14
      15
      19
      15
      15
      14
       9
      18
      19
      15
      15
      12
      18
      13
      17
      17
      11
      12
      18
      12
      16
      14
      19
       7
      15
      13
       9
      12
      18
      12
      24
      15
      12
      16
       8
       8
      13
      13
      19
      23
      16
      17
      11
       8
      12
      16
      14
      12
      17
       8
      13
      16
      14
      14
      15
      17
      13
      12
      13
      11
      17
       9
      14
      10
      16
      12
      14
      11
      13
      23
      16
      16
      12
      13
      15
      14
      11
      11
      14
       9
       9
      13
      19
      13
      14
       9
      16
      12
      12
      11
      11
      17
       7
       9
      12
      15
      12
      10
       9
      16
      12
      12
      15
      14
      10
       9
      13
       7
      15
       8
      13
      10
       7
      11
      14
      14
      19
      14
      17
      14
      18
      16
       5
      10
      14
      13
      11
      10
       8
      15
      16
      10
      10
      13
       7
      10
      23
      13
      12
       8
      18
      12
      15
      16
      12
      11
      11
      16
      16
      13
       7
      13
      10
      12
       6
      10
       5
      12
      11
      10
      16
       7
      13
      11
       6
       5
      13
      12
      11
       9
      10
      15
      15
      11
      13
      10
      11
      11
      10
      14
       8
       7
      15
      14
      14
      15
      11
      15
      13
      10
      10
       8
      10
       8
      14
      10
       8
      13
      13
      13
      16
      11
       8
      10
      10
      13
      11
      10
       9
      18
      18
       9
       9
       9
       9
      11
       7
       8
       8
      13
      12
      23
      11
      12
      17
      16
      11
      14
       9
       8
      16
      14
      10
      14
      17
       7
      13
       8
       8
      13
      12
      17
      18
      12
      16
      11
      12
      13
      11
      13
      13
       9
      12
       8
      11
      15
       9
      15
      13
       7
      13
       8
      10
      12
      15
      13
      14
       9
      14
       9
       6
      12
      15
      12
      15
      11
       7
      11
       8
      17
      10
       8
       9
       7
      12
      14
      12
      19
      14
      17
       8
      17
      14
      11
       8
      10
      12
       9
      15
      14
      15
       7
       8
      15
      14
       8
      13
      15
      14
      12
      13
      21
      23
      16
      14
      12
      12
      12
      18
      12
       8
      15
       7
      15
      15
       6
      18
      16
      19
       6
      12
      13
      11
       7
      14
      18
       9
      10
      15
      14
      10
      16
      11
      11
      12
       9
      11
      16
      14
       7
      10
      17
      12
      16
      10
      20
      12
      13
      13
       9
       6
      14
      11
      12
      11
      13
      13
      12
      12
      15
      11
       9
      10
      16
      14
       8
      15
      12
      10
       4
       6
      12
       8
      14
      13
      14
      14
      15
      13
      11
      15
      13
       8
      12
       6
       8
      13
       9
      13
       8
      15
       9
       6
      10
       9
      12
      16
      10
       9
       5
       9
      17
      10
      11
      12
      12
       9
       7
      11
      12
       6
      12
      13
       9
      12
       9
      13
      18
      16
      10
       7
      11
      12
      16
      10
      11
      10
      10
      12
      14
      11
       6
      17
      13
      11
       9
       6
      16
      11
       8
      13
      10
      14
       7
      15
      10
      11
      14
       7
      16
      14
       7
      15
      11
      10
      15
      12
      13
      15
      20
       8
      10
      16
      16
      10
      14
      11
      16
      13
       7
       9
      13
      17
      15
      12
      15
       8
      11
       7
      16
      11
      17
      16
      16
      12
      10
       9
       6
      14
      15
      12
      11
      15
      11
      11
      10
       9
       9
      14
      16
      18
      24
       9
      18
      15
      11
       4
       6
      14
       9
       7
       9
      16
      10
      10
       9
       7
      10
      10
      18
      13
      12
      19
       7
      20
      12
      16
      13
       9
       9
      15
      12
       9
      11
       9
       9
      11
      12
       9
      17
       7
      15
      14
      12
      12
       9
       8
      13
      15
       8
      19
      13
      14
      12
      10
      16
       9
      11
      14
      11
      20
      11
       9
      12
      15
       8
      15
      15
       8
       9
      15
      23
      11
      11
      19
      14
      12
      19
      13
      14
      11
      16
      14
      13
      10
      11
      14
      15
      13
      11
      15
      10
      14
       6
       7
      18
       8
      13
      20
      18
       7
      13
      13
      11
      14
      12
      17
      13
       9
      10
      18
       8
      19
       7
      14
      14
      13
      15
      10
       9
      10
      12
      13
      12
       6
       8
      15
      15
      13
      15
      19
      10
      10
      10
      10
      12
       8
      12
      17
      10
      14
      12
       7
      14
       9
      14
      15
      15
      10
      11
      16
      11
      10
      12
       8
       8
      11
      12
      18
      14
      10
      20
      15
       8
      16
      11
       6
      15
      14
      12
      15
      10
      12
      15
       8
      14
      12
      10
       9
       7
       8
       8
       9
       8
      17
       8
       5
      12
      12
      16
       6
      10
       3
       8
      13
       8
      12
      15
      10
      10
      14
       7
      10
      15
       7
      11
       8
      11
      12
       8
       5
       9
      10
       8
      17
      12
       5
       7
      19
       7
       5
       6
       9
       8
       4
       9
      12
      12
      10
       5
       7
       7
       8
       9
       8
       7
       9
       8
       6
      11
       7
       7
       8
      14
       8
       4
       7
       6
       8
       5
       8
       8
       5
       9
       8
       4
       7
       7
       7
       6
       8
       5
       9
       9
       4
      12
       2
       8
       5
       4
       8
       5
       3
       3
       4
       8
       9
       8
       5
       9
       2
       3
       7
       3
       5
       4
       4
       8
       2
       6
       5
       0
       5
       4
       7
       5
       4
       4
       6
       5
       4
       4
       4
       7
       1
       3
       3
       6
       4
       5
      11
       5
       2
       3
       5
       7
       6
       5
       2
       4
       4
       2
       2
       2
       7
      10
       4
       2
       2
       8
       5
       3
       6
       3
       1
       4
       4
       6
       3
       5
       2
       5
       7
       7
       3
       4
       2
       7
       4
       3
       3
       1
       3
       4
       2
       3
       3
       3
       2
       0
       2
       2
       3
       1
       3
       3
       4
       3
       6
       6
       2
       4
       5
       4
       7
       4
       3
       6
       6
       3
       2
       2
       1
       2
       3
       3
       4
       3
       4
       4
       5
       0
       4
       3
       2
       3
       2
       2
       4
       5
       2
       2
       6
       3
       2
       5
       1
       0
       2
       3
       3
       4
       2
       8
       3
       4
       6
       4
       5
       3
       1
       4
       4
       4
       4
       2
       0
       2
       0
       5
       3
       2
       5
       2
       3
       1
       8
       5
       0
       2
       1
       3
       4
       3
       7
       3
       4
       1
       5
       2
       2
       1
       2
       5
       1
       2
       2
       2
       1
       4
       9
       2
       1
       3
       2
       3
       5
       2
       1
       2
       3
       3
       2
       2
       1
       0
       3
       8
       3
       4
       5
       2
       5
       3
       2
       3
       5
       2
       1
       3
       3
       3
       5
       3
       4
       2
       2
       2
       4
       5
       1
       6
       2
       4
       2
       1
       1
       1
       4
       4
       5
       1
       5
       2
       2
       2
       6
       0
       4
       1
       1
       4
       3
      11
       3
       3
       9
       7
       4
       3
       1
       4
       5
       3
       5
       3
       3
       2
       2
       7
       6
       4
       3
       4
       3
       4
       8
       4
       8
       5
       6
       7
       5
       3
       5
       3
       6
       5
       4
       9
       2
      10
       7
       5
       5
       3
       4
       9
       9
       8
       7
      10
       5
       6
       7
       8
       8
       5
       9
      12
      10
      13
      18
       8
       8
      12
      11
      16
      10
      13
      10
      16
       8
      13
       8
      11
      15
      15
       9
      14
      15
      18
      17
      11
      13
      12
      21
      11
      23
       7
      19
      20
      25
      27
      16
      21
      27
      20
      26
      15
      18
      24
      29
      26
      29
      17
      32
      31
      30
      26
      22
      32
      25
      33
      34
      38
      28
      33
      39
      40
      35
      31
      37
      34
      39
      30
      38
      33
      34
      39
      40
      40
      52
      38
      48
      56
      34
      47
      55
      44
      46
      49
      51
      54
      59
      41
      42
      40
      54
      54
      49
      52
      58
      63
      48
      51
      53
      67
      58
      49
      68
      58
      60
      59
      50
      57
      73
      59
      63
      71
      64
      57
      67
      53
      65
      62
      74
      63
      60
      58
      73
      67
      63
      62
      72
      71
      56
      60
      66
      47
      63
      76
      84
      64
      56
      63
      67
      72
      92
      60
      69
      67
      59
      61
      76
      71
      66
      68
      68
      71
      50
      59
      57
      64
      63
      58
      52
      69
      54
      67
      48
      60
      36
      50
      62
      60
      51
      42
      49
      49
      56
      47
      44
      52
      49
      46
      48
      53
      55
      38
      46
      43
      36
      46
      39
      52
      44
      41
      38
      36
      38
      35
      31
      38
      35
      34
      24
      35
      32
      23
      38
      29
      26
      30
      25
      21
      24
      22
      23
      30
      19
      23
      19
      15
      21
      30
      19
      20
      19
      27
      15
      15
      16
      16
      15
      12
      12
      15
      17
      12
       9
      16
       8
       8
      11
      10
      12
       6
       8
      14
       9
      11
       6
       2
       8
       7
       8
       4
       7
       6
       1
       4
       6
       0
       5
       5
       6
       5
       6
       3
       7
       2
       5
       3
       1
       2
       2
       2
       4
       2
       6
       3
       2
       3
       2
       1
       0
       2
       1
       3
       2
       1
       4
       1
       1
       2
       0
       0
       0
       2
       0
       0
       1
       0
       2
       1
       3
       2
       0
       0
       1
       0
       0
       0
       0
       0
       1
       0
       0
       0
       1
       0
       0
       0
       0
       0
       0
       1
       0
       1
       0
       0
       0
       0
       1
       1
       0
       0
       1
       1
       1
       0
       1
       1
       0
       0
       0
       1
       1
       1
       1
       1
       0
       0
       0
       0
       0
       0
       0
       0
       0
       1
       0
       0
       0
       0
       0
       0
       0
       0
       0
       0
       0
       0
       0
       0
       0
       0
       0
       0
       0
       0
       1
       0
       1
       0
       0
       1
       0
       0
       0
       0
       1
       0
       0
       0
       0
       0
       0
       1
       0
       0
       0
       0
       0
       1
       0
       0
       0
       0
       0
       0
       1
       0
       0
       0
       0
       0
       0
       0
       1
       0
       1
       1
       0
       0
       0
       0
       0
       0
       0
       0
       1
       0
       0
       0
       0
       1
       1
       0
       1
       0
       0
       0
       0
       0
       0
       0
       0
       0
       0
       0
       0
       0
       0
       0
       0
       0
       0
       0
       0
       0
       1
       1
       0
       0
       1
       0
       0
       0
       0
       0
       2
       0
       0
       0
       0
       0
       0
       0
       0
       0
       0
       1
       0
       0
       0
       0
       1
       0
       0
       0
       0
       0
       2
       0
       0
       0
       1
       1
       0
       0
       0
       0
       0
       0
       1
       0
       0
       0
       0
       1
       0
       1
       0
       0
       0
       0
       0
       0
       0
       0
       0
       1
       0
       0
       0
       0
       0
       0
       0
       0
       0
       0
       0
       0
       0
       1
       0
       0
       0
       0
       1
       0
       0
       0
       0
       0
       0
       0
       0
       0
       0
       0
       0
       0
       0
       0
       0
       1
       0
       1
       0
       1
       0
       1
       1
       0
       0
       0
       0
       0
       0
       0
       0
       0
       0
       0
       0
       0
       0
       1
       0
       1
       0
       0
       0
       0
       0
       0
       0
       0
       0
       1
       0
       0
       0
       0
       0
       0
       0
       0
       1
       0
       0
       0
       0
       0
       1
       0
       0
       0
       0
       1
       1
       0
       0
       0
       0
       0
       0
       0
       1
       0
       0
       0
       0
       0
       0
       0
       0
       4
       0
       0
       0
       0
       1
       0
       0
       0
       0
       0
       0
       1
       0
       0
       0
       0
       1
       0
       1
       0
       1
       0
       0
       1
       0
       2
       0
       0
       0
       0
       1
       0
       0
       0
       0
       0
       0
       0
       0
       0
       0
       0
       0
       0
       0
       0
       0
       0
       0
       0
       0
       0
       0
       0
       0
       0
       0
       0
       0
       0
       0
       1
       0
       0
       0
       0
       0
       0
       0
       0
       0
       0
       0
       0
       2
       0
       0
       0
       0
       0
       0
       0
       0
       0
       0
       0
       0
       0
       1
       0
       0
       0
       1
       0
       0
       0
       0
       1
       1
       0
       0
       1
       0
       0
       0
       0
       0
       1
       0
       0
       0
       0
       0
       0
       1
       0
       0
       0
       0
       0
       0
       0
       0
       0
       0
       0
       0
       0
       0
       0
       0
       0
       0
       1
       0
       0
       1
       0
       0
       0
       0
       0
       0
       0
       0
       0
       0
       0
       1
       0
       0
       0
       0
       0
       0
       1
       2
       0
       0
       1
       1
       0
       0
       0
       0
       0
       0
       0
       0
       0
       0
       1
       0
       0
       0
       0
       0
       0
       0
       0
       0
       0
       0
       0
       1
       1
       0
       0
       0
       0
       1
       0
       0
       0
       0
       0
       0
       1
       0
       0
       0
       0
       0
       0
       1
       0
       0
       0
       0
       1
       0
       0
       0
       0
       1
       0
       0
       0
       0
       0
       0
       1
       0
       1
       0
       0
       0
       0
       0
       0
       0
       0
       1
       0
       0
       0
       0
       0
       1
       0
       0
       0
       0
       0
       0
       0
       1
       0
       0
       0
       0
       0
       0
       0
       0
       0
       1
       0
       0
       0
       0
       0
       0
       0
       0
       0
       0
       0
       0
       1
       0
       0
       1
       0
       0
       0
       0
       0
       0
       0
       0
       0
       0
       0
       0
       0
       0
       0
       0
       1
       0
       0
       0
       0
       0
       0
       0
       0
       0
       0
       0
       0
       0
       0
       0
       0
       0
       0
       0
       0
       0
       0
       0
       0
       0
       0
       0
       2
       0
       0
       1
       0
       0
       0
       0
       0
       0
       0
       0
       0
       0
       0
       0
       0
       1
       0
       0
       1
       1
       0
       0
       0
       0
       0
       0
       0
       0
       0
       0
       0
       1
       0
       0
       0
       0
       0
       0
       0
       1
       0
       1
       0
       0
       0
       0
       0
       0
       0
       0
       0
       0
       0
       0
       0
       0
       0
       1
       0
       0
       0
       0
       0
       0
       0
       0
       0
       0
       0
       0
       0
       0
       0
       0
       0
       0
       0
       0
       0
       0
       0
       0
       0
       0
       0
       0
       0
       0
       0
       0
       0
       0
       0
       0
       0
       0
       0
       0
       0
       0
       0
       0
       0
       0
       0
       1
       0
       1
       0
       0
       0
       0
       0
       0
       0
       0
       0
       0
       0
       0
       0
       0
       0
       0
       0
       1
       0
       0
       0
       1
       0
       0
       1
       0
       0
       0
       0
       0
       0
       0
       0
       0
       0
       0
       0
       0
       1
       0
       0
       0
       0
       0
       0
       1
       0
       0
       0
       0
       0
       1
       0
       0
       0
       0
       0
       0
       0
       0
       0
       0
       0
       0
       1
       0
       0
       0
       0
       0
       1
       0
       0
       1
       0
       0
       0
       0
       0
       0
       0
       0
       0
       0
       0
       0
       0
       0
       0
       1
       0
       0
       0
       0
       0
       0
       0
       0
       0
       1
       0
       0
       1
       0
       0
       0
       0
       0
       0
       0
       1
       0
       0
       0
       0
       0
       1
       0
       0
       0
       0
       0
       0
       0
       0
       0
       0
       0
       0
       1
       0
       0
       0
       0
       0
       0
       0
       0
       0
       0
       0
       0
       0
       0
       0
       0
       0
       0
       0
       0
       0
       0
       0
       0
       0
       0
       0
       0
       0
       1
       1
       0
       0
       0
       0
       0
       0
       0
       0
       0
       0
       0
       1
       0
       0
       0
       0
       0
       0
       0
       1
       0
       0
       0
       0
       0
       0
       0
       0
       0
       0
       0
       0
       0
       0
       0
       0
       0
       0
       0
       0
       0
       0
       0
       0
       0
       0
       0
       0
       0
       0
       0
       0
       0
       1
       0
       0
       0
       0
       0
       0
       0
       0
       0
       0
       0
       0
       0
       0
       0
       0
       0
       1
       0
       0
       0
       0
       0
       0
       0
       0
       1
       0
       0
       0
       0
       1
       0
       0
       0
       0
       0
       1
       0
       1
       0
       0
       0
       1
       0
       0
       0
       0
       0
       0
       0
       0
       0
       0
       0
       1
       0
       0
       0
       0
       0
       0
       0
       0
       0
       0
       0
       0
       0
       0
       0
       0
       0
       0
       0
       0
       0
       0
       0
       1
       0
       0
       0
       1
       0
       0
       0
       0
       0
       0
       0
       0
       0
       1
       0
       0
       0
       0
       1
       0
       0
       0
       0
       0
       0
       0
       1
       0
       0
       1
       0
       0
       0
       0
       0
       0
       0
       0
       0
       0
       0
       0
       0
       0
       0
       0
       0
       0
       0
       0
       0
       0
       1
       0
       0
       0
       0
       0
       0
       0
       0
       0
       0
       0
       0
       0
       0
       0
       1
       0
       0
       0
       0
       0
       0
       0
       0
       0
       1
       0
       0
       0
       0
       1
       0
       0
       0
       0
       0
       0
       0
       0
       0
       0
       0
       0
       0
       0
       0
       0
       0
       0
       0
       0
       0
       0
       0
       0
       0
       0
       0
       0
       0
       0
       0
       0
       0
       0
       0
       0
       0
       0
       0
       0
       0
       0
       0
       1
       1
       0
       1
       0
       1
       0
       0
       0
       0
       0
       0
       0
       0
       0
       0
       0
       1
       0
       0
       0
       0
       0
       0
       0
       0
       0
       0
       0
       1
       0
       0
       0
       0
       0
       0
       0
       0
       1
       0
       0
       0
       0
       0
       0
       0
       0
       0
       0
       0
       0
       1
       0
       0
       0
       1
       0
       0
       0
       0
       0
       0
       0
       0
       0
       0
       0
       1
       0
       0
       0
       0
       0
       0
       0
       0
       0
       0
       0
       0
       1
       0
       0
       0
       0
       0
       0
       0
       0
       0
       0
       0
       0
       0
       0
       0
       0
       0
       0
       0
       0
       0
       0
       0
       0
       0
       0
       1
       0
       0
       0
       0
       0
       1
       0
       1
       0
       0
       0
       0
       0
       0
       0
       0
       0
       1
       0
       0
       0
       0
       1
       0
       0
       1
       0
       0
       0
       0
       1
       0
       0
       0
       0
       0
       0
       0
       0
       0
       0
       0
       0
       0
       0
       0
       0
       0
       0
       1
       0
       1
       0
       0
       0
       0
       0
       0
       0
       0
       0
       0
       0
       0
       0
       0
       0
       0
       0
       0
       0
       0
       0
       0
       0
       0
       0
       0
       0
       0
       0
       0
       1
       0
       0
       0
       0
       0
       0
       0
       1
       0
       0
       0
       0
       0
       0
       0
       0
       0
       0
       0
       0
       1
       0
       0
       0
       0
       0
       0
       0
       0
       0
       0
       0
       0
       0
       0
       0
       0
       0
       0
       0
       0
       1
       1
       0
       0
       0
       0
       0
       0
       0
       0
       0
       0
       0
       0
       0
       0
       0
       0
       0
       0
       0
       0
       0
       0
       0
       0
       1
       0
       0
       0
       0
       0
       0
       1
       0
       0
       0
       0
       0
       0
       0
       0
       1
       0
       0
       0
       0
       0
       0
       0
       0
       0
       0
       0
       0
       0
       0
       0
       0
       0
       0
       0
       0
       0
       0
       0
       0
       0
       0
       0
       0
       0
       0
       0
       0
       0
       0
       0
       0
       0
       0
       0
       0
       0
       0
       0
       0
       0
       0
       0
       0
       0
       1
       0
       0
       0
       0
       0
       0
       0
       0
       0
       0
       0
       0
       0
       0
       0
       0
       0
       0
       0
       0
       0
       0
       0
       0
       0
       1
       0
       0
       0
       0
       1
       0
       0
       0
       0
       0
       0
       1
       0
       0
       0
       1
       0
       0
       0
       0
       0
       0
       0
       0
       0
       1
       0
       1
       0
       0
       0
       0
       0
       0
       0
       0
       0
       0
       0
       0
       0
       0
       0
       0
       0
       0
       0
       0
       0
       0
       0
       0
       0
       0
       0
       0
       0
       0
       0
       0
       0
       0
       0
       0
       0
       0
       0
       0
       0
       0
       0
       0
       0
       0
       0
       1
       0
       0
       0
       0
       0
       0
       0
       0
       0
       1
       0
       0
       0
       0
       0
       0
       0
       0
       0
       0
       0
       0
       0
       1
       0
       0
       0
       0
       0
       0
       0
       0
       0
       0
       0
       0
       0
       0
       0
       0
       0
       0
       0
       0
       0
       0
       0
       0
       0
       1
       0
       0
       0
       1
       0
       0
       1
       0
       0
       1
       0
       0
       0
       0
       0
       0
       2
       0
       0
       0
       1
       0
       1
       0
       0
       0
       0
       0
       0
       0
       0
       0
       0
       0
       0
       0
       0
       0
       0
       0
       0
       0
       0
       0
       0
       0
       0
       0
       0
       0
       0
       0
       0
       0
       1
       0
       0
       0
       0
       0
       0
       0
       0
       0
       0
       0
       0
       0
       0
       0
       0
       0
       0
       0
       0
       0
       0
       0
       0
       0
       0
       0
       0
       0
       0
       0
       0
       0
       0
       0
       1
       0
       0
       0
       0
       0
       0
       0
       0
       0
       0
       0
       1
       0
       0
       0
       0
       0
       2
       0
       0
       0
       0
       0
       0
       0
       0
       0
       0
       0
       0
       0
       0
       0
       0
       0
       0
       0
       1
       0
       0
       0
       0
       0
       0
       1
       0
       0
       0
       0
       0
       0
       0
       0
       0
       0
       0
       0
       0
       0
       0
       0
       0
       0
       0
       0
       0
       0
       0
       0
       1
       0
       0
       0
       1
       0
       0
       0
       0
       0
       0
       0
       0
       0
       0
       0
       0
       0
       0
       0
       0
       0
       0
       0
       0
       0
       0
       1
       0
       0
       0
       0
       0
       0
       0
       0
       0
       0
       0
       0
       0
       0
       0
       0
       0
       0
       0
       0
       0
       0
       0
       0
       1
       0
       0
       0
       0
       0
       1
       0
       0
       0
       0
       0
       0
       0
       0
       0
       0
       0
       0
       0
       0
       0
       1
       0
       0
       0
       0
       0
       0
       1
       0
       0
       0
       1
       0
       0
       1
       0
       0
       0
       0
       0
       0
       0
       0
       0
       0
       0
       0
       0
       1
       0
       0
       0
       0
       0
       1
       0
       0
       0
       0
       0
       0
       0
       0
       0
       0
       0
       0
       0
       0
       0
       0
       1
       0
       0
       0
       0
       0
       0
       0
       0
       0
       0
       0
       0
       0
       0
       0
       0
       0
       0
       0
       0
       0
       0
       0
       1
       0
       0
       0
       1
       0
       0
       0
       0
       0
       0
       0
       0
       0
       0
       0
       0
       0
       0
       0
       0
       0
       0
       0
       0
       0
       0
       0
       0
       0
       0
       0
       0
       0
       0
       0
       0
       0
       0
       0
       0
       0
       0
       0
       0
       0
       0
       0
       0
       0
       0
       0
       0
       0
       0
       0
       0
       0
       0
       0
       0
       0
       0
       0
       0
       0
       0
       0
       0
       0
       0
       0
       0
       0
       0
       0
       0
       0
       0
       0
       0
       0
       0
       0
       0
       0
       0
       0
       0
       0
       0
       0
       0
       0
       0
       0
       0
       0
       0
       0
       0
       0
       0
       0
       0
       0
       0
       0
       0
       0
       0
       0
       0
       0
       0
       0
       0
       0
       0
       0
       0
       0
       0
       0
       0
       0
       0
       0
       0
       0
       0
       0
       0
       0
       0
       0
       0
       0
       0
       0
       0
       0
       0
       0
       0
       0
       0
       0
       0
       0
       0
       0
       0
       0
       0
       0
       0
       0
       0
       0
       0
       0
       0
       0
       0
       0
       0
       0
       0
       0
       0
       0
       0
       0
       0
       0
       0
       0
       0
       0
       0
       0
       0
       0
       0
       0
       0
       0
       0
       0
       0
       0
       0
       0
       0
       0
       0
       0
       0
       0
       0
       0
       0
       0
       0
$ROI:
1
1565 1938
$PRESETS:
None
0
0
$ENER_FIT:
0.000000 0.000000
$MCA_CAL:
3
0.000000E+000 0.000000E+000 0.000000E+000 
$SHAPE_CAL:
3
0.000000E+000 0.000000E+000 0.000000E+000
