$SPEC_ID:
No sample description was entered.
$SPEC_REM:
DET# 1
DETDESC# FSGUNIV-O93LS3D Easy-MCA-8k SN 17088661
AP# Maestro Version 7.01
$DATE_MEA:
01/27/2022 14:25:35
$MEAS_TIM:
136 136
$DATA:
0 4095
       0
       0
       0
       0
       0
       0
       0
       0
       0
       0
       0
       0
       0
       0
       0
       0
       0
       0
       0
       0
       0
       0
       0
       0
       0
       0
       0
       0
       0
       0
       0
       0
       0
       0
       0
       0
       0
       0
       0
       0
       0
       0
       0
       0
       0
       0
       0
       0
       0
       0
       0
       0
       0
       0
       0
       0
       0
       0
       0
       0
       0
       0
       0
       0
       0
       0
       0
       0
       0
       0
       0
       0
       0
       0
       0
       0
       0
       0
       0
       0
       0
       0
       0
       0
       0
       0
       0
       0
       0
       0
       0
       0
       0
       0
       0
       0
       0
       0
       0
       0
       0
       0
       0
       0
       0
       0
       0
       0
       0
       0
       0
       0
       0
       0
       0
       0
       0
       0
       0
       0
       0
       0
       0
       0
       0
       0
       0
       0
       0
       0
       0
       0
       0
       0
       0
       0
       0
       0
       0
       0
       0
       0
       0
       0
       0
       0
       0
       0
       0
       0
       0
       0
       0
       0
       0
       0
       0
       0
       0
       0
       0
       0
       0
       0
       0
       0
       0
       0
       0
       0
       0
       0
       0
       0
       0
       0
       0
       0
       0
       0
       0
       0
       0
       0
       0
       0
       0
       0
       0
       0
       0
       0
       0
       0
       0
       0
       0
       0
       0
       0
       0
       0
       8
       8
       9
      11
      12
      12
       8
       7
      16
      11
       8
      18
      13
      16
      12
      12
      15
      16
      13
      20
      13
      22
      11
      16
      17
      18
      13
      18
      13
      17
      13
      12
      10
       9
      14
      19
      10
      18
      12
      17
      15
      15
      10
      12
       9
       9
      10
      13
       7
       9
      11
       5
      12
      10
       6
      12
      13
      12
       8
       8
      17
       5
      14
       7
      14
      15
       8
      16
      21
       7
      10
       9
      11
      11
      10
      10
      13
       5
       9
      10
      11
       8
      11
       8
       4
       7
       4
      10
       6
      12
       8
       6
       7
      11
      13
      12
      10
       9
      15
      12
       7
      10
       5
      11
       9
       4
       2
       3
       7
      10
       8
       4
       5
       8
       4
       6
      13
      11
       9
      13
       7
       9
       9
       6
       9
       7
      10
       8
      10
       8
      10
       7
       6
      11
      14
      16
       5
      12
       6
       7
       5
      11
       9
       7
       9
       4
       5
      11
      13
       7
       2
       9
       5
      18
       6
       6
       2
      11
       2
       9
       7
       8
      15
      14
      14
       7
       8
      11
       9
      14
      10
       5
       8
       6
       3
      12
      13
      10
      14
       8
       9
       8
      10
      13
      11
      13
       2
       7
       6
       7
       8
      14
      11
       8
      13
      10
      14
      17
      13
       8
       7
       7
      10
      10
       8
       6
       6
      11
       5
       8
       5
       5
       9
       6
       8
      10
       7
       9
       9
       6
       9
       9
       7
       7
      10
       7
       8
       5
       9
       9
       4
       5
      11
       9
      12
      11
       6
      12
       8
      12
       7
      10
      10
       6
       8
      12
       8
      10
      10
       6
      17
       8
       9
       6
       7
       7
       4
      10
       9
       9
      11
       9
       4
       7
       9
      10
       7
      11
      13
      12
      11
       4
       8
      15
      14
       9
       8
       6
       8
       9
       8
       4
      11
      12
       9
      10
       6
       9
       7
      10
      10
       8
      12
       8
      10
      12
      12
      12
      11
      12
      18
      11
       8
       9
       4
      14
       9
      10
      11
      12
       7
      14
      13
      12
      11
      12
      12
       9
      10
      10
      11
      12
       8
       9
       9
      13
       8
      10
      14
      10
      11
       6
      14
      16
      14
      14
      10
      10
      11
       5
       7
      13
       9
      16
       8
       9
      15
       3
       6
       8
      15
       7
      10
      16
      14
      13
       9
       9
      10
      11
       8
       7
       6
       9
      13
      13
      12
      12
       5
      18
      14
      10
      10
       8
       9
       8
      15
       6
      13
      12
       7
      12
      17
       9
      15
      14
       3
      11
      11
       8
       8
      13
       8
      10
       5
      12
       4
       7
       6
      12
      14
      12
      13
      13
       8
      11
      12
      15
      18
       9
       3
      10
      10
      13
      11
       5
       7
       6
      10
      11
       9
       9
      18
      13
       8
      10
       8
      10
      12
      11
       7
      18
       7
       9
      12
      10
       8
      11
      11
       7
       6
      10
       2
       9
       7
       8
      10
      12
       8
       7
       4
      10
       8
       6
       9
      14
       7
       8
       8
      11
       9
       9
      13
      13
       9
       7
       8
       9
       5
       6
      11
      11
      12
       9
       6
       4
       7
       9
       9
      13
      12
      17
      13
      13
       5
      14
      10
       6
      10
      12
       7
      12
      11
       4
       7
      13
      11
       9
      14
      15
      13
      13
      10
      11
       7
      10
       7
      11
      11
       9
       8
       7
       7
      13
       8
       7
       9
       8
       7
      12
      11
      11
      13
       8
       6
       6
      10
       3
      10
       6
       9
      10
      10
       7
       7
       6
      11
       6
       5
       8
       8
       8
      10
      12
       8
       9
      10
       8
       7
       2
      13
       7
       8
      11
      10
       9
      12
       9
      10
       7
       8
       9
       9
       9
       6
       8
      11
       9
       6
       5
      10
       9
       4
      10
      12
       9
       6
       8
      14
       4
      13
      10
      14
      10
       9
      11
      14
       9
       6
      10
      14
      13
      12
       8
      11
      11
      10
      12
      12
      15
      14
      12
       8
      10
       6
       8
       9
       9
       9
       6
      12
       5
       8
       6
       6
       8
       8
       7
       9
       7
      11
      11
      10
      12
       4
       9
      10
       9
       6
       6
       4
       3
      13
      10
       7
      10
       9
       8
       7
       8
      11
       9
      10
      12
      11
      11
      12
       6
       8
       9
       6
       6
       7
      11
      10
      11
      12
       5
       4
       9
      10
       8
      14
       9
      11
      12
      11
       8
      15
       7
      14
      10
       8
      12
       6
      10
       8
       5
      10
      10
      10
      11
      11
      12
       3
       6
       7
      11
      11
       7
      15
      13
       7
       8
       6
      11
       7
      10
      12
       7
       6
       6
       5
       5
      12
       9
      12
       8
      12
       5
      10
       7
       3
       9
      10
      10
      11
       7
      10
       7
      12
      12
       9
       7
       9
      11
       6
       6
      11
       9
       8
       9
      10
      15
       7
       7
       6
      12
       9
      12
       6
       6
      12
       8
      10
      11
       7
       9
       7
      17
      10
      12
       9
       7
       9
      11
      10
       8
      15
       5
      10
       7
      12
       6
       7
       3
       8
      10
       9
      11
       8
      10
       3
       7
       8
      14
       5
      15
      10
      11
       9
      11
      14
      10
      11
      12
       7
       8
       7
      12
      10
      13
       6
      10
       5
       6
       9
      12
      11
      11
       7
      10
      10
       8
       9
       9
       8
      13
      14
      11
       9
       5
       3
      11
      11
       7
       8
      10
      11
       5
       6
       6
      12
      14
      15
      10
       9
       8
      15
      10
       9
       9
      11
       8
       8
       6
       8
       7
      10
       7
       9
       7
       5
       9
       7
      12
      16
       5
       9
       8
       6
       6
       7
      10
       9
       6
      13
      12
      11
       7
       8
       6
       9
       9
       8
       9
       7
       8
      12
      13
      10
       9
       3
      14
      11
      10
       9
       4
       7
       9
      16
      13
       9
      11
      10
      12
       7
       9
       9
       9
       9
       8
      13
      14
      10
       9
      12
       7
       9
      12
       8
      12
      12
      10
      10
       6
       8
       8
      12
       7
       8
      15
      12
      10
      20
      10
       7
       9
       5
      10
      14
      10
       6
       7
       8
       4
      17
      15
       6
       8
       9
       9
       7
      10
       3
       2
       7
       8
      11
      10
       7
       4
       6
       9
       7
      11
      14
       9
      14
      10
       6
      11
      12
       9
       7
       9
      11
      11
       8
       8
      10
       6
       9
       7
      10
      10
      13
      10
       9
       8
       6
      16
      10
      15
      13
      10
      13
       7
      11
       6
       7
       5
       6
      12
      13
      11
       8
      10
       7
       7
       5
       9
       7
       8
      15
       7
       8
       7
       9
      10
      12
      11
       9
       9
       5
       6
      10
       9
      10
       9
      11
       6
       8
       4
      13
       7
      12
       7
      10
       6
      13
       8
       9
      16
      12
      10
       6
       6
       8
       7
       9
       7
       9
       9
      10
       8
       5
      10
       7
       4
      11
       5
       8
       8
       6
      14
      13
       8
       9
      11
       6
       6
       9
       8
      10
      11
       6
       6
       8
       8
       8
       4
       7
       7
       7
       5
       6
       8
       1
       5
       7
       2
       7
       7
      11
       7
      12
       8
       9
       3
       4
       7
       4
       4
       4
       8
       6
       6
       2
       6
       6
       8
       5
       5
       5
       1
       9
       2
       4
       5
       7
       5
       5
       4
       2
       8
       4
       7
       5
       6
       4
       2
       6
       6
       5
       4
       2
       3
       6
       4
       5
       7
       4
       6
       2
       5
       6
       4
       6
       6
       3
       4
       9
       4
       5
       9
       9
       5
       5
       3
       8
       5
       6
       5
       4
       4
       1
       6
       4
       4
       7
       8
       6
       5
       0
       4
       4
       8
       1
       3
       6
       8
       3
       1
       1
       5
       2
       3
       2
       3
       3
       4
       1
       2
       1
       4
       3
       3
       6
       4
       3
       5
       2
       3
       1
       2
       3
       3
       2
       1
       3
       1
       1
       3
       3
       2
       3
       3
       0
       5
       3
       2
       1
       2
       4
       2
       4
       2
       2
       1
       1
       1
       2
       5
       4
       5
       3
       3
       3
       3
       4
       5
       2
       1
       2
       2
       3
       0
       4
       2
       2
       4
       4
       5
       1
       3
       1
       1
       2
       1
       5
       4
       2
       4
       1
       2
       3
       1
       2
       1
       2
       3
       1
       1
       3
       4
       1
       1
       2
       3
       4
       1
       5
       3
       2
       0
       0
       3
       1
       2
       2
       1
       2
       3
       1
       3
       1
       2
       3
       2
       1
       0
       2
       2
       4
       7
       0
       3
       3
       3
       1
       1
       2
       0
       2
       2
       5
       2
       0
       5
       2
       1
       1
       0
       2
       4
       3
       1
       3
       1
       1
       2
       4
       1
       4
       3
       0
       2
       2
       0
       4
       2
       4
       1
       5
       1
       1
       2
       1
       2
       1
       2
       2
       2
       2
       1
       0
       2
       4
       1
       3
       0
       1
       1
       3
       1
       1
       1
       1
       1
       1
       1
       0
       2
       2
       2
       4
       4
       3
       3
       1
       2
       0
       0
       1
       2
       2
       4
       2
       4
       7
       4
       4
       1
       4
       4
       6
       1
       3
       5
       1
       6
       1
       4
       1
       0
       6
       3
       4
       2
       5
       6
       2
       5
       5
       1
       3
       1
       2
       2
       6
       3
       6
       6
       1
       4
       5
       1
       5
       5
       3
       3
       2
       4
       4
       4
       4
       3
       4
       4
       6
       3
       5
       6
       7
       8
       6
       7
      10
      11
       0
       8
       8
       7
       6
       6
      11
       8
      11
       7
       3
       2
       6
      11
      11
      16
      10
       8
       8
       9
       8
      17
      10
      16
      10
       7
       9
      13
      11
      15
       9
      10
      11
      14
      15
      16
      18
      16
      11
      23
      18
      22
      12
      16
      14
      14
      12
      18
      27
      14
      20
      27
      17
      21
      26
      22
      20
      25
      27
      38
      23
      20
      29
      25
      32
      31
      31
      39
      19
      25
      34
      38
      23
      35
      31
      45
      28
      34
      44
      28
      33
      30
      38
      36
      40
      42
      27
      33
      35
      33
      47
      43
      38
      44
      27
      44
      48
      43
      41
      52
      48
      50
      37
      41
      46
      49
      34
      42
      41
      62
      45
      48
      55
      48
      40
      43
      40
      47
      46
      41
      46
      36
      45
      41
      50
      56
      45
      42
      50
      52
      50
      47
      50
      65
      37
      46
      51
      54
      55
      48
      58
      54
      55
      56
      58
      52
      56
      52
      49
      44
      34
      51
      43
      38
      36
      35
      44
      41
      39
      57
      45
      58
      39
      54
      43
      53
      42
      37
      27
      32
      41
      31
      38
      31
      39
      34
      35
      37
      35
      31
      34
      34
      33
      37
      35
      39
      34
      24
      22
      26
      37
      24
      26
      27
      32
      22
      28
      20
      25
      22
      23
      26
      14
      21
      24
      16
      28
      13
      17
      13
      18
      12
      13
      13
      14
      20
      22
      21
      15
      14
      21
       8
      10
      12
      15
      13
       4
      13
      11
      13
       6
       9
       9
      15
       9
      11
       9
       5
       7
       6
       8
       2
       6
       5
       6
       5
       7
      10
       8
       5
       4
       2
       3
       3
       4
       3
       5
       4
       0
       2
       2
       2
       5
       1
       3
       1
       3
       5
       1
       3
       1
       4
       1
       2
       0
       0
       1
       0
       1
       1
       2
       0
       1
       1
       1
       0
       2
       0
       2
       0
       0
       0
       0
       1
       1
       0
       2
       1
       1
       0
       1
       0
       0
       2
       1
       0
       0
       0
       0
       0
       1
       0
       1
       0
       0
       0
       0
       0
       0
       0
       0
       0
       0
       1
       0
       0
       0
       0
       0
       0
       0
       1
       0
       0
       0
       0
       0
       0
       0
       0
       0
       0
       0
       0
       0
       0
       0
       0
       0
       0
       0
       0
       0
       0
       0
       0
       0
       0
       0
       1
       0
       0
       0
       0
       0
       0
       0
       0
       0
       2
       0
       0
       0
       0
       0
       0
       0
       0
       0
       0
       1
       0
       0
       0
       0
       0
       1
       0
       0
       1
       0
       0
       0
       0
       0
       0
       0
       0
       0
       0
       0
       0
       0
       0
       0
       0
       0
       0
       0
       0
       1
       0
       0
       0
       0
       0
       0
       0
       0
       0
       0
       0
       1
       1
       0
       0
       0
       0
       0
       0
       0
       0
       0
       0
       0
       0
       0
       0
       0
       0
       0
       0
       0
       0
       0
       0
       0
       1
       0
       0
       0
       0
       0
       0
       0
       0
       0
       1
       0
       0
       0
       0
       0
       0
       0
       0
       0
       0
       0
       0
       0
       0
       0
       0
       0
       0
       0
       0
       0
       0
       1
       0
       0
       0
       0
       0
       0
       0
       0
       1
       0
       0
       0
       0
       0
       0
       0
       0
       0
       1
       0
       0
       0
       0
       0
       0
       0
       0
       0
       0
       0
       0
       0
       0
       0
       0
       0
       0
       0
       0
       0
       0
       0
       0
       1
       0
       0
       0
       0
       0
       0
       0
       0
       0
       0
       1
       1
       0
       1
       0
       0
       0
       0
       0
       0
       1
       0
       0
       0
       0
       0
       0
       0
       1
       0
       0
       0
       0
       0
       0
       0
       1
       0
       0
       0
       0
       0
       0
       0
       0
       1
       0
       0
       0
       0
       0
       0
       0
       0
       0
       0
       0
       0
       0
       0
       0
       0
       0
       0
       0
       1
       0
       0
       0
       1
       0
       0
       0
       0
       0
       0
       0
       0
       0
       0
       0
       1
       0
       0
       0
       0
       0
       0
       1
       0
       0
       0
       0
       0
       0
       0
       0
       0
       0
       0
       1
       0
       0
       0
       0
       0
       0
       1
       0
       0
       0
       0
       0
       0
       0
       0
       1
       0
       0
       0
       0
       0
       0
       0
       0
       0
       0
       0
       0
       0
       0
       0
       0
       0
       0
       0
       0
       0
       0
       0
       0
       0
       0
       0
       0
       0
       0
       0
       0
       0
       0
       0
       0
       0
       0
       0
       0
       0
       0
       0
       0
       0
       0
       0
       0
       0
       0
       0
       0
       0
       0
       0
       0
       0
       0
       1
       0
       0
       0
       0
       0
       0
       0
       1
       0
       0
       1
       0
       0
       1
       0
       0
       0
       0
       0
       0
       0
       0
       1
       1
       0
       0
       0
       0
       0
       0
       0
       2
       0
       0
       0
       0
       0
       0
       0
       0
       0
       0
       0
       1
       0
       0
       0
       0
       0
       0
       0
       0
       0
       0
       0
       1
       0
       0
       0
       0
       0
       0
       0
       0
       0
       0
       0
       0
       0
       0
       1
       0
       0
       0
       0
       1
       0
       0
       0
       0
       0
       0
       0
       0
       0
       0
       1
       0
       0
       1
       0
       0
       0
       0
       0
       1
       0
       0
       0
       0
       0
       0
       0
       0
       0
       0
       0
       0
       0
       0
       0
       0
       1
       0
       0
       0
       0
       0
       0
       0
       0
       0
       0
       0
       0
       1
       0
       1
       0
       0
       0
       0
       0
       0
       0
       0
       0
       0
       0
       0
       0
       0
       0
       0
       0
       0
       0
       0
       0
       0
       0
       0
       0
       0
       0
       0
       0
       0
       0
       1
       0
       0
       0
       0
       0
       0
       0
       0
       0
       0
       0
       0
       0
       0
       0
       0
       1
       0
       0
       0
       0
       0
       0
       1
       0
       0
       0
       1
       0
       1
       0
       1
       0
       0
       0
       1
       1
       0
       0
       1
       1
       0
       0
       0
       0
       0
       0
       0
       0
       1
       1
       0
       0
       0
       0
       0
       0
       0
       0
       0
       0
       0
       1
       0
       0
       0
       1
       0
       0
       1
       0
       0
       0
       0
       1
       0
       0
       0
       1
       0
       0
       1
       0
       0
       0
       0
       0
       0
       0
       0
       0
       1
       0
       0
       0
       0
       0
       0
       0
       0
       1
       1
       0
       1
       0
       1
       0
       2
       1
       0
       0
       0
       0
       0
       0
       0
       1
       0
       1
       0
       0
       0
       0
       0
       0
       0
       0
       0
       0
       0
       0
       0
       0
       0
       0
       0
       0
       0
       0
       0
       0
       0
       0
       0
       0
       0
       0
       0
       0
       0
       0
       0
       0
       0
       0
       0
       0
       0
       0
       0
       0
       0
       0
       0
       0
       0
       0
       0
       0
       0
       0
       0
       0
       0
       0
       0
       0
       0
       0
       0
       0
       0
       0
       0
       0
       0
       0
       0
       0
       0
       0
       0
       0
       0
       1
       0
       0
       0
       0
       0
       0
       0
       0
       0
       0
       0
       0
       0
       0
       0
       0
       0
       0
       0
       0
       0
       0
       0
       0
       0
       0
       0
       0
       0
       0
       0
       0
       0
       0
       0
       0
       0
       0
       0
       0
       0
       0
       0
       0
       0
       0
       0
       0
       0
       0
       0
       0
       0
       0
       0
       0
       0
       0
       0
       0
       0
       0
       0
       1
       0
       0
       0
       0
       0
       0
       1
       1
       0
       0
       0
       0
       0
       1
       0
       0
       0
       0
       0
       0
       1
       0
       0
       1
       0
       0
       0
       0
       0
       0
       0
       1
       0
       0
       0
       0
       0
       0
       0
       0
       0
       0
       1
       0
       0
       0
       0
       0
       0
       0
       0
       0
       1
       0
       0
       0
       1
       0
       0
       0
       0
       0
       0
       0
       0
       0
       0
       0
       0
       0
       0
       0
       0
       1
       0
       0
       0
       0
       2
       0
       0
       0
       0
       0
       0
       0
       0
       0
       0
       0
       0
       1
       0
       0
       0
       0
       0
       0
       0
       0
       0
       0
       1
       0
       0
       0
       0
       0
       0
       1
       0
       0
       0
       0
       0
       0
       0
       0
       0
       0
       0
       0
       1
       0
       0
       0
       0
       0
       0
       0
       0
       1
       0
       0
       0
       0
       0
       0
       0
       0
       0
       0
       0
       0
       0
       0
       0
       0
       0
       0
       0
       0
       0
       0
       0
       0
       0
       0
       0
       0
       0
       0
       0
       0
       0
       0
       0
       0
       0
       0
       0
       0
       0
       0
       0
       0
       0
       0
       0
       0
       0
       0
       1
       0
       0
       0
       0
       0
       0
       0
       0
       0
       1
       0
       0
       0
       0
       0
       0
       0
       0
       0
       0
       0
       0
       0
       1
       0
       0
       0
       0
       0
       0
       0
       0
       0
       0
       0
       0
       0
       0
       0
       0
       0
       0
       0
       0
       1
       0
       0
       0
       0
       1
       0
       0
       0
       0
       0
       0
       0
       0
       0
       0
       0
       0
       0
       0
       0
       0
       0
       0
       0
       0
       0
       0
       0
       0
       0
       0
       0
       0
       0
       0
       0
       0
       0
       1
       0
       0
       0
       0
       0
       0
       0
       0
       0
       0
       1
       0
       0
       0
       0
       0
       0
       0
       0
       0
       0
       0
       0
       0
       0
       0
       0
       0
       0
       0
       0
       0
       0
       0
       0
       1
       0
       0
       0
       0
       0
       0
       0
       0
       1
       0
       0
       0
       0
       0
       0
       0
       0
       0
       0
       0
       0
       0
       1
       0
       0
       0
       0
       0
       0
       0
       0
       2
       0
       0
       0
       0
       0
       0
       0
       0
       0
       0
       0
       0
       0
       0
       0
       0
       0
       0
       0
       0
       0
       0
       0
       0
       0
       0
       0
       0
       0
       0
       0
       0
       0
       0
       0
       0
       0
       0
       0
       0
       0
       0
       0
       0
       0
       0
       0
       0
       0
       0
       0
       0
       0
       0
       0
       0
       0
       0
       0
       0
       0
       0
       0
       0
       0
       0
       0
       0
       0
       1
       0
       0
       0
       0
       0
       0
       0
       1
       0
       0
       0
       0
       0
       0
       0
       0
       0
       0
       0
       0
       0
       0
       0
       0
       0
       0
       0
       0
       0
       1
       0
       0
       0
       1
       0
       0
       0
       0
       0
       0
       0
       0
       0
       0
       0
       1
       0
       0
       1
       0
       0
       0
       0
       0
       0
       0
       0
       0
       0
       0
       0
       0
       0
       0
       0
       0
       0
       0
       0
       0
       0
       0
       1
       0
       0
       0
       0
       0
       0
       0
       0
       0
       0
       0
       0
       0
       1
       0
       0
       0
       0
       0
       0
       0
       0
       0
       0
       0
       0
       0
       0
       0
       0
       0
       0
       0
       0
       1
       0
       1
       0
       0
       0
       0
       1
       0
       0
       0
       0
       0
       0
       0
       0
       0
       0
       0
       0
       0
       0
       0
       0
       0
       0
       0
       0
       0
       0
       0
       0
       0
       0
       0
       0
       1
       0
       0
       0
       1
       0
       0
       0
       0
       0
       0
       0
       0
       0
       0
       0
       0
       0
       0
       0
       0
       0
       0
       0
       0
       0
       0
       0
       0
       0
       0
       0
       0
       0
       0
       0
       0
       0
       0
       0
       0
       0
       0
       0
       0
       0
       0
       0
       0
       0
       0
       0
       0
       1
       0
       0
       0
       0
       0
       0
       0
       0
       0
       0
       0
       0
       0
       0
       0
       1
       0
       0
       0
       0
       0
       0
       0
       0
       0
       0
       0
       0
       0
       0
       0
       0
       0
       0
       0
       0
       0
       0
       0
       0
       0
       0
       0
       0
       0
       0
       0
       0
       0
       0
       0
       0
       0
       0
       0
       0
       1
       0
       0
       0
       0
       0
       0
       0
       0
       0
       0
       0
       0
       0
       0
       0
       0
       0
       0
       0
       0
       0
       0
       0
       0
       0
       0
       0
       0
       0
       0
       0
       0
       0
       0
       0
       0
       0
       0
       0
       0
       0
       0
       0
       0
       0
       0
       0
       0
       0
       0
       0
       0
       0
       0
       0
       0
       0
       0
       0
       0
       0
       0
       0
       0
       0
       0
       0
       1
       0
       1
       0
       0
       0
       0
       0
       0
       0
       1
       0
       0
       0
       0
       0
       0
       0
       0
       0
       0
       0
       0
       0
       0
       0
       1
       0
       0
       0
       0
       0
       0
       0
       0
       0
       0
       0
       0
       0
       0
       0
       0
       0
       0
       1
       0
       0
       0
       0
       0
       0
       0
       0
       0
       0
       0
       0
       0
       0
       0
       0
       0
       0
       0
       0
       1
       1
       0
       0
       0
       0
       1
       0
       0
       0
       0
       0
       0
       0
       0
       0
       0
       0
       0
       0
       0
       0
       0
       0
       0
       0
       0
       0
       0
       0
       0
       0
       0
       0
       0
       0
       0
       0
       0
       0
       0
       0
       0
       0
       0
       0
       0
       0
       0
       0
       1
       0
       0
       0
       0
       0
       1
       0
       0
       0
       0
       0
       0
       0
       0
       0
       0
       0
       0
       0
       0
       0
       0
       0
       0
       0
       0
       0
       0
       0
       0
       0
       0
       0
       0
       0
       0
       0
       0
       0
       0
       0
       0
       0
       0
       0
       0
       0
       0
       0
       0
       0
       0
       0
       2
       0
       1
       0
       0
       0
       0
       0
       0
       0
       0
       0
       0
       0
       0
       0
       0
       0
       0
       0
       0
       0
       0
       0
       0
       0
       1
       0
       0
       0
       0
       1
       1
       0
       0
       0
       0
       0
       1
       0
       0
       0
       0
       0
       0
       0
       0
       0
       0
       0
       0
       0
       0
       0
       0
       0
       0
       0
       0
       0
       0
       1
       0
       0
       0
       0
       0
       0
       0
       0
       0
       0
       0
       0
       0
       0
       0
       0
       0
       0
       0
       0
       0
       0
       0
       0
       0
       0
       0
       0
       0
       0
       0
       0
       0
       0
       0
       0
       0
       0
       0
       0
       0
       0
       0
       0
       0
       1
       0
       0
       0
       0
       0
       0
       0
       0
       0
       0
       0
       0
       0
       0
       1
       0
       0
       0
       0
       0
       0
       0
       0
       0
       0
       0
       0
       0
       0
       0
       1
       0
       0
       0
       0
       0
       0
       0
       0
       1
       0
       0
       0
       0
       0
       0
       0
       0
       0
       0
       0
       0
       0
       0
       0
       1
       0
       0
       0
       0
       1
       0
       0
       0
       0
       0
       0
       0
       0
       0
       0
       0
       0
       0
       0
       0
       0
       0
       0
       0
       0
       0
       0
       1
       0
       0
       0
       0
       0
       0
       0
       0
       0
       0
       0
       0
       0
       0
       0
       0
       0
       0
       0
       0
       0
       0
       0
       0
       0
       0
       0
       0
       0
       0
       0
       0
       0
       1
       0
       0
       0
       0
       0
       0
       0
       0
       0
       0
       0
       0
       0
       0
       0
       1
       0
       0
       0
       0
       0
       0
       0
       0
       0
       0
       0
       0
       0
       0
       0
       0
       0
       0
       0
       0
       0
       0
       0
       0
       0
       0
       0
       0
       0
       0
       0
       0
       0
       0
       0
       0
       0
       0
       0
       0
       0
       0
       0
       0
       0
       0
       0
       0
       0
       0
       0
       0
       0
       0
       0
       0
       0
       0
       0
       0
       0
       0
       0
       0
       0
       0
       0
       0
       0
       0
       0
       0
       0
       0
       0
       0
       0
       0
       0
       0
       0
       0
       0
       0
       0
       0
       0
       0
       0
       0
       0
       0
       0
       0
       0
       0
       0
       0
       0
       0
       0
       0
       0
       0
       0
       0
       0
       0
       0
       0
       0
       0
       0
       0
       0
       0
       0
       0
       0
       0
       0
       0
       0
       0
       0
       0
       0
       0
       0
       0
       0
       0
       0
       0
       0
       0
       0
       0
       0
       0
       0
       0
       0
       0
       0
       0
       0
       0
       0
       0
       0
       0
       0
       0
       0
       0
       0
       0
       0
       0
       0
       0
       0
       0
       0
       0
       0
       0
       0
       0
       0
       0
       0
       0
       0
       0
       0
       0
       0
       0
       0
       0
       0
       0
       0
       0
       0
       0
       0
       0
       0
       0
       0
       0
       0
       0
       0
       0
       0
       0
       0
       0
       0
       0
       0
       0
$ROI:
1
3136 3931
$PRESETS:
None
0
0
$ENER_FIT:
0.000000 0.000000
$MCA_CAL:
3
0.000000E+000 0.000000E+000 0.000000E+000 
$SHAPE_CAL:
3
0.000000E+000 0.000000E+000 0.000000E+000
